
Last position-specific scoring matrix computed, weighted observed percentages rounded down, information per position, and relative weight of gapless real matches to pseudocounts
            A   R   N   D   C   Q   E   G   H   I   L   K   M   F   P   S   T   W   Y   V   A   R   N   D   C   Q   E   G   H   I   L   K   M   F   P   S   T   W   Y   V
    1 M    -1  -1  -2  -3  -2   0  -2  -3  -2   1   2  -1   6   0  -3  -2  -1  -2  -1   1    0   0   0   0   0   0   0   0   0   0   0   0 100   0   0   0   0   0   0   0  0.33 0.00
    2 M    -1  -2  -3  -4  -2  -1  -2  -3  -2   1   2  -2   7   0  -3  -2  -1  -2  -1   0    0   0   0   0   0   0   0   0   0   0   0   0 100   0   0   0   0   0   0   0  0.63 0.08
    3 G     0  -3  -1  -2  -3  -2  -3   6  -3  -4  -4  -2  -3  -4  -3  -1  -2  -3  -4  -4    0   0   0   0   0   0   0 100   0   0   0   0   0   0   0   0   0   0   0   0  1.22 0.08
    4 D     0  -1   3   3  -2   0   0  -1  -1  -3  -3  -1  -2  -3  -1   4   1  -4  -2  -3    0   0  21  20   0   0   0   0   0   0   0   0   0   0   0  59   0   0   0   0  0.47 0.05
    5 L    -2  -2  -4  -4  -2  -2  -3  -4  -3   2   4  -3   3   0  -3  -3  -1  -2  -1   1    0   0   0   0   0   0   0   0   0  15  68   0  17   0   0   0   0   0   0   0  0.46 0.05
    6 T     2  -1   0  -1  -1  -1  -1  -1  -2  -1  -2  -1  -1  -2  -1   2   4  -2  -2  -1   27   1   1   1   0   0   1   1   0   1   1   1   0   0   1  21  42   0   0   1  0.33 0.06
    7 T     0  -1   0  -1  -1  -1  -1  -1  -2  -2  -3  -1  -2  -3  -1   4   4  -3  -2  -1    0   0   0   0   0   0   0   0   0   0   0   0   0   0   0  64  36   0   0   0  0.55 0.10
    8 S     0   2   0   0  -2   0   2  -1  -1  -1  -2   0  -1  -2  -1   2   0  -3  -2   0    1  17   0   1   0   0  22   1   0   1   1   1   0   0   1  37   1   0   0  17  0.21 0.05
    9 F    -2  -2  -3  -3  -2  -2  -3  -3  -3   1   3  -2   7   1  -3  -1  -2  -2  -1   0    1   0   0   0   0   0   1   1   0   5  25   1  51   7   0   6   1   0   0   1  0.64 0.21
   10 P     2  -2  -2  -2  -3  -1   1  -1  -2  -3  -3  -2  -2  -4   6   1  -1  -4  -3  -1   23   0   0   0   0   0   9   4   0   0   0   0   0   0  44  12   0   0   0   6  0.83 0.18
   11 A     1  -2  -1  -2  -2  -1  -1   2  -1  -2  -2  -1  -2   0  -2   3   1  -2   2  -1   12   0   0   0   0   0   0  15   0   0   1   0   0   6   0  43   6   0   9   6  0.30 0.13
   12 T     1  -1  -1  -1  -2  -1   1   1   1  -1  -1   0  -1  -2  -2   2   1  -3  -2  -1   16   3   0   0   0   0  11  12   5   3   8   4   0   0   0  26  10   0   0   0  0.18 0.10
   13 T     0   0  -1  -2  -2  -1  -1   1   0   0  -1   0  -1  -1  -1   3   2  -3  -2   1    2   6   0   0   0   0   2  10   3   8   5   4   0   2   2  30  15   0   0  11  0.17 0.14
   14 L     0  -1  -1   0   1  -1  -3  -2  -1   0   0  -3   7  -3  -4   0   1  -4  -3   1    8   4   3   6   3   2   0   2   1   3   6   0  37   0   0   7   9   0   0   9  0.49 0.32
   15 T     1  -2   1   2  -1  -1   2  -1   1  -3  -2   1   1  -4   0   1   2  -4  -3  -2   15   0   5  11   1   0  14   3   4   0   2  11   6   0   5   7  15   0   0   1  0.23 0.19
   16 T    -1  -2   2   1  -3   0   2   0  -1  -2  -2   2  -3  -4  -1   2   2  -4  -2  -2    1   0  12   5   0   3  15   8   1   1   4  13   0   0   2  15  15   0   1   3  0.27 0.21
   17 N     0   1   3  -2  -4   0  -1   2   2  -3  -4   0  -2  -4  -1   3   1  -5  -3  -4    6   7  17   1   0   4   3  14   6   1   0   4   1   0   2  26   7   0   0   0  0.42 0.29
   18 D    -2   2   2   2  -5   2   2  -3  -3  -5  -4   3  -4  -5  -2   2   0  -5  -4  -4    3  13   9  12   0  11  10   1   0   0   1  20   0   0   2  14   4   0   0   0  0.51 0.32
   19 Q    -2   2  -1  -4  -3   2   0  -1  -1  -4  -3   5  -1  -4   3  -2  -1  -6  -5  -5    2   8   2   0   1  10   5   4   1   1   2  42   1   1  14   2   3   0   0   0  0.77 0.45
   20 P    -1   0  -4  -5   0  -1  -2  -3  -2   0   3  -2  -1   0   5  -2  -1  -5  -1  -1    5   6   0   0   2   3   2   2   1   4  26   1   1   4  32   2   3   0   2   3  0.62 0.37
   21 H    -6   2  -4  -6  -8  -3   0  -7  11  -8  -7  -4  -6  -6  -7  -4  -6  -7  -4  -6    0  10   1   0   0   1   5   0  79   0   0   1   0   0   0   1   0   0   0   1  3.13 1.15
   22 V    -1  -7  -7  -7  -5  -6  -7  -6  -7   5   1  -6  -2   2  -7  -6  -5  -6  -3   5    6   0   0   0   0   0   0   0   0  27  11   0   0   9   0   0   0   0   0  45  1.30 0.64
   23 V     2  -6  -6  -7  -5  -5  -6  -6  -6   2   3  -6   1   2  -6  -4  -2  -6  -4   4   20   0   0   0   0   0   0   0   0   9  24   0   3   7   0   1   2   0   0  34  0.88 0.51
   24 V    -1  -6  -7  -7   2  -6  -7  -7  -6   1   4  -6   6   5  -7  -6  -3  -5  -4   2    5   0   0   0   4   0   0   0   0   5  32   0  17  21   0   0   1   0   0  16  1.12 0.59
   25 C    -3  -6  -7  -7  -3  -6  -7  -7  -6   4   2  -6  -1   6  -7  -3  -5  -4   2   3    2   0   0   0   1   0   0   0   0  20  18   0   1  28   0   2   0   0   6  22  1.11 0.56
   26 S     1  -7  -2  -7  -2  -6  -6  -5  -7  -4  -6  -6  -7  -8   8   0   1  -9  -8  -5   10   0   2   0   1   0   0   1   0   1   0   0   0   0  68   6   9   0   0   1  2.10 1.00
   27 G     0  -4  -4  -7  -3  -6  -6  -5  -3   1  -1  -6  -1   6  -2   0  -1   6   4  -1    7   1   1   0   1   0   0   1   0   7   7   0   1  36   3   8   4  11  11   4  1.03 0.56
   28 A    -2  -7  -4  -3  -4  -3  -3  -3  -7  -4   0  -4   3   2   7  -5  -2  -7  -6  -5    4   0   1   2   0   1   1   3   0   1   9   1   8   7  59   0   2   0   0   0  1.64 0.83
   29 G     5  -5  -5  -5  -5  -4  -3   3  -5  -3  -1  -5  -2   2  -3   0  -2  -5  -3  -2   42   0   0   0   0   1   1  24   0   1   6   0   1   9   1   8   2   0   0   3  0.83 0.52
   30 M    -2   1  -3  -2  -5   6  -2  -3   2  -1  -2   0   3   2  -3  -2  -2  -1   1  -2    4   6   1   2   0  37   2   2   4   4   4   4   8   9   1   3   3   1   5   2  0.69 0.48
   31 G    -4  -5  -5  -6  -7  -6  -7   7  -7  -8  -8  -6  -7  -8  -7   2  -3  -7  -8  -8    1   0   0   0   0   0   0  83   0   0   0   0   0   0   0  13   2   0   0   0  2.32 1.02
   32 H    -8  -7  -4  -2  -1  -6  -7  -9  11 -10  -9  -7  -8  -8  -9  -7  -8  -9  -5  -7    0   0   0   2   2   0   0   0  95   0   0   0   0   0   0   0   0   0   0   0  4.31 1.61
   33 L     0  -6  -6  -7  -5  -4  -6  -6  -4   5   3  -6   5   0  -5  -5  -3   3  -4   3    7   0   0   0   0   1   0   0   0  29  22   0  14   4   1   0   1   4   0  18  0.98 0.52
   34 T    -2  -1   5  -3  -5   0  -4  -3  -4   3   0  -2  -3  -5  -4  -1   1  -6  -2   1    4   3  31   1   0   4   0   2   0  18   9   2   0   0   1   5  10   0   1  10  0.60 0.43
   35 P    -1  -5  -7  -7  -4  -2  -6  -3  -7  -8  -7  -6  -8  -4   8   1  -3  -9  -8  -5    5   1   0   0   0   2   0   2   0   0   0   0   0   1  74  12   2   0   0   1  2.35 1.11
   36 F    -2  -6  -2  -6  -4  -4  -4  -6  -1  -1   2  -5   7   4  -6  -1   1  -5   2  -1    3   0   2   0   0   0   1   0   1   3  18   0  30  14   0   5  10   0   7   3  0.99 0.58
   37 L    -3  -2  -6  -7  -5  -3  -5  -3  -3   2   5  -4   3  -1  -6  -3  -4  -6  -5   3    1   3   0   0   0   1   1   2   1  12  48   1   6   2   0   2   1   0   0  18  0.93 0.52
   38 N     0   2   0   2  -6   4   3  -2   3  -6  -6   0  -5  -2  -1  -2  -3  -6  -5  -3    9  11   5   9   0  22  20   4   8   0   0   4   0   2   3   2   1   0   0   2  0.62 0.44
   39 L    -3  -6  -7  -7  -5  -6  -7  -7  -6   2   5  -6   3   3  -7  -6  -4  -5  -4   1    2   0   0   0   0   0   0   0   0   9  59   0   6  13   0   0   0   0   0  10  1.34 0.66
   40 A     5  -6  -5  -6   2  -5  -5   2  -6  -2  -4  -5  -2  -4  -5   1   0  -6  -6   0   55   0   0   0   4   0   0  15   0   2   1   0   1   1   0   8   5   0   0   6  1.10 0.65
   41 S    -2   3   2  -2  -2   1  -1  -4   0  -4  -3   6  -5  -5  -5  -2  -4  -1  -6  -4    3  17  11   2   1   6   3   1   2   1   2  45   0   0   0   2   1   1   0   1  1.04 0.61
   42 A     0   4  -4  -3  -5   0   1  -3   0   0   2   1  -2  -2  -4  -2  -2  -5  -2  -2    8  24   0   1   0   3  11   2   2   6  23  10   0   1   1   2   2   0   1   2  0.42 0.34
   43 L    -7  -7  -9  -9  -7  -7  -6  -9  -5   2   6  -8  -1   2  -8  -8  -6  -7  -6  -3    0   0   0   0   0   0   0   0   0  10  80   0   1   8   0   0   0   0   0   1  1.96 0.91
   44 S     4  -3  -2  -5  -1  -2  -3  -4   4   1   0  -3  -4  -2  -5   1  -2  -6  -1   1   38   1   2   0   1   2   1   0  10   8   9   1   0   2   0   9   2   0   2  11  0.61 0.44
   45 S     2   1   0  -1  -2   2   2  -3   0  -3  -2   0  -1  -3  -4   3   0  -1  -2  -2   15   6   4   3   1   8  13   1   2   1   4   5   2   1   0  24   4   1   1   2  0.30 0.29
   46 A     1   5  -3  -4  -3   1  -1  -4   3  -4  -3   4  -2  -3  -5  -2  -3  -6  -4  -4   10  35   1   0   0   5   4   1   7   1   3  26   1   1   0   3   1   0   0   1  0.96 0.54
   47 P    -2  -3   0   0  -3  -2  -3   6   3  -5  -4  -5  -3  -6  -3  -2  -3  -6  -3  -5    4   1   4   6   1   2   2  62   6   1   2   0   1   0   2   3   1   0   1   1  1.29 0.64
   48 Y    -2  -2  -1  -1  -2  -3  -2  -4   8  -2  -1  -3  -3   4   2  -2  -2  -4   1  -3    4   3   3   4   1   1   3   2  35   3   6   2   0  15   9   2   2   0   3   2  0.97 0.48
   49 N    -1   2   2   1  -2   0   0   1   2  -3  -2   1  -1  -2  -1   2   0  -3  -2  -2    5  10  13   6   1   4   4  10   5   2   4   7   1   2   2  17   4   0   1   2  0.19 0.14
   50 C     0  -2  -2  -3   1  -3  -3  -2  -2   3   2  -3  -1   0  -1  -2  -1  -3  -1   3    9   2   2   2   3   1   2   3   1  15  16   1   1   4   4   3   4   0   2  26  0.31 0.19
   51 K    -2   3  -1  -1  -4  -1  -2  -3   2  -1  -3   2  -2  -1  -3   2   3  -4  -1  -1    2  15   2   4   0   1   2   2   6   4   3  15   1   2   1  13  22   0   2   4  0.38 0.31
   52 V    -2  -5  -5  -6  -2  -5  -5  -6  -2   5  -1  -5  -3   1  -3  -3  -2  -5   0   5    4   0   0   0   1   0   1   1   1  30   4   0   0   6   1   2   2   0   3  42  1.11 0.56
   53 T    -1  -3  -1  -4  -4  -4  -3  -4  -4  -1   0  -3  -3  -2  -3   1   7  -4  -4  -1    5   1   2   1   0   1   1   1   0   3   8   1   0   2   2   8  58   0   0   4  1.13 0.59
   54 L    -1  -2  -4  -3  -3  -2  -2  -4   0   3   1  -3  -1   5  -2  -2  -1   1   1   2    4   2   1   2   0   1   3   1   3  19  13   1   1  23   2   2   3   2   4  13  0.47 0.27
   55 L     0  -3  -3  -3  -2  -2  -3  -3  -2   2   3  -2  -1   2   0  -2   0  -3  -1   2    7   1   1   1   1   2   1   2   1  13  26   2   0  10   5   3   7   0   2  15  0.31 0.22
   56 I     0  -2   1   0  -2  -2   0  -3  -1   2   0  -3  -2   0  -2   0   3  -4   0   1    9   1   9   4   1   1   6   1   2  11   9   1   1   4   2   6  23   0   3   8  0.22 0.21
   57 V    -2  -4  -1  -2  -1  -3  -3  -3   0   1  -1  -3   0   2   2   1   4  -1   0   1    3   1   2   2   1   0   1   2   3   7   7   1   3   8  12   9  28   1   3   8  0.40 0.31
   58 I     0   0   0  -1   0   0   1  -1   1   0   0   1  -1   0   1   0   1  -3  -1   0    5   5   5   3   2   3   9   4   4   5   9  10   0   4   7   9  11   0   2   5  0.06 0.07
   59 P    -1   0  -1  -1  -3   0   0  -1   1  -2  -1   1  -1   1   4   0   0  -3   1  -1    5   5   2   3   0   3   5   4   3   2   7   8   2   7  19   9   6   0   5   5  0.21 0.17
   60 L     1   0   2  -1  -3  -1   0  -2   0   0  -1  -1  -1   2   0   1   1   1   1  -1   10   5  11   4   0   2   5   1   2   6   5   3   2  10   6  12   7   2   6   3  0.11 0.13
   61 I     0  -1   1  -1  -3   1  -1  -2   2   1   0   1   0   0  -1   0  -1  -3   0   1    9   3   8   2   0   8   4   3   7   8  10   8   2   4   2   8   3   0   3  11  0.06 0.10
   62 T     1   0   1   1  -1  -1  -1  -2  -1  -1  -2   1  -3  -3   0   2   2  -2  -1  -1   13   4   6   9   1   3   2   3   2   3   4   9   0   1   5  17  12   1   2   4  0.16 0.18
   63 D     0   2  -1   2  -4   2   0  -2  -1  -2  -2   1  -2  -3   2   1   1  -1  -2  -2    6  14   3  10   0  10   6   2   1   3   4   8   0   1   9  11   8   1   1   2  0.22 0.21
   64 A     1   0  -1  -1  -3  -1   0   0   0   1   0   0   0   0  -2   1   1  -1  -2   0   15   6   2   3   0   2   6   6   2   8  12   6   2   4   2  10  10   1   0   4  0.06 0.11
   65 E     0   0   1   0  -3   1   2  -3   0  -1   1   1   0   1  -1  -1   0  -2  -1   0    7   4   7   4   0   8  14   1   2   4  13   8   2   7   3   4   4   0   2   5  0.09 0.12
   66 S     0   0   1   0  -3   1   0  -1   1  -1  -1   0  -2   0   2   2   1  -4  -1  -2    8   6   8   4   0   5   6   3   3   4   5   4   1   4   9  20   7   0   2   3  0.15 0.17
   67 H     0   0   2  -1  -3   0  -1  -2   3  -1  -1   0   0  -1   0   1   1  -3   0   0    8   5  10   3   0   4   2   2   8   4   4   7   3   2   5  14   7   0   4   8  0.13 0.15
   68 H     0   2   0  -1  -2   0  -1   0   2  -1  -1   0  -2   1   0   0   0  -2   4  -2    6  12   5   3   1   3   3   7   5   3   5   5   1   7   5   5   6   0  15   3  0.16 0.16
   69 I     0   0   0   0  -2   0  -1   0   0   2   1  -1  -1  -1   1   0   0   0  -2   0    7   5   6   4   0   3   3   6   3  17  13   3   0   3   6   7   4   2   1   6  0.05 0.08
   70 S     0   1   1   0  -3   0   0  -2  -1  -1  -1   2  -2  -1   1   1   0  -3  -1   0    8   9   7   5   0   3   6   2   1   3   5  12   0   3   8  13   6   0   2   6  0.12 0.13
   71 S     1   0   1   0  -3  -2   0  -1   0  -1  -1   0  -2  -2   3   2   0  -4  -3  -2   12   6   6   5   0   1   5   4   2   4   6   4   1   2  14  20   6   0   1   2  0.23 0.21
   72 F     0  -1   1  -1  -1  -2  -2  -2  -2   1   1   0   0   2  -1  -1   0   0   0   1    7   4   7   3   1   1   1   3   0   9  18   5   2  12   2   5   6   1   3  10  0.09 0.11
   73 F     0  -1   0  -1  -2  -1   0  -1  -2   2   1  -1   0   2  -2   1   0  -3  -1   0    7   2   4   3   0   2   8   3   1  13  15   4   1  11   2  12   6   0   1   5  0.09 0.12
   74 S     0  -1   1   0  -2   0   0   0   1   0  -1   0  -2  -3   0   2   0  -2  -1  -1    9   2   9   6   1   4   6   7   3   7   6   4   0   0   4  19   6   1   2   3  0.12 0.15
   75 S     1  -1   0   1  -2  -1   0   1   1  -1  -1  -1  -2  -2   0   1   1  -2  -2   0   10   2   5   9   1   2   6   9   4   3   7   3   1   2   5  13  11   1   1   5  0.10 0.12
   76 H    -1   0   1   0  -1   0   0   0   3   0   0  -1  -1   1   1   0   0  -1   0  -1    5   4   7   5   1   2   8   6   9   6  11   2   1   6   8   7   5   1   2   4  0.06 0.09
   77 P    -1  -1  -2  -1  -1  -2  -3  -2   0   0  -1  -2  -4   1   6   0  -2  -5  -1  -1    6   4   2   3   1   1   2   3   3   6   6   2   0   6  39   7   3   0   2   4  0.70 0.40
   78 T    -1   1   1   1  -2   0   0   1  -1  -1  -1   0  -2   0   0   2   1  -1  -2  -1    4   7   7   9   0   5   7   9   1   3   6   4   0   5   4  17   8   1   0   4  0.11 0.13
   79 I    -2  -4  -1  -1  -2  -2  -1  -2  -2   4   0  -2  -1   3  -1  -1   0  -2  -1   1    2   0   3   4   1   2   5   4   1  26   9   2   1  16   3   6   5   1   2   9  0.29 0.23
   80 H    -2   1   1   1  -4   2   0  -2   5  -1  -2   1  -2  -1   0  -1   1  -3  -2   0    3   9   6  10   0   8   6   2  13   4   3   8   1   2   5   4  10   0   1   6  0.24 0.21
   81 R    -1   2  -1   0  -4  -1  -1   0  -1   0  -1  -1   0   5   0  -1  -2  -3   0  -1    4  11   3   5   0   3   4   6   2   6   6   3   2  24   5   6   2   0   3   4  0.23 0.21
   82 L    -2   0  -3  -1  -1  -1   0  -4   2   2   2  -1   0   2   0  -3  -2  -3   0   2    2   4   0   4   1   3   6   1   5  11  22   3   1  10   6   1   2   0   3  14  0.22 0.19
   83 D    -1   0   1   3  -1   1   1   0   1  -4  -3  -2  -4  -1   3   1   1  -1  -2  -2    4   6   7  15   1   7   9   6   4   0   2   2   0   2  13   9  10   1   1   2  0.29 0.25
   84 F    -2  -3  -1  -1  -2  -3  -3  -4  -4   3   2  -3  -2   5  -1   0  -3  -3   1   1    2   1   3   4   1   1   2   1   0  15  16   2   0  25   3   7   1   0   4  10  0.47 0.31
   85 H    -1   0  -1   0  -4   0   1  -1   4  -1  -2   0  -1   0   4   0  -2   0  -2  -2    5   6   3   5   0   5   7   4   9   4   3   5   2   4  24   8   1   1   1   2  0.38 0.27
   86 V     0  -2   0   3  -2  -1   0  -1  -1   0   0  -1  -1   0   0   0   0  -2  -1   1    8   2   5  19   1   2   7   4   1   4  11   2   1   4   5   7   4   1   2  12  0.12 0.13
   87 N     0  -3   0   0  -2  -1  -1   3   0   0  -1  -2  -2   0   0   1   0  -1  -2   0    6   1   5   5   1   3   4  28   2   5   5   1   1   5   4   9   6   1   1   8  0.21 0.18
   88 L    -1  -3  -2   0  -3  -1  -1  -1  -1   1   3  -2   1   0  -1  -1   0  -1  -1   1    4   1   2   6   0   3   3   6   2   8  33   2   3   4   3   4   5   1   2   9  0.19 0.17
   89 P    -2  -4  -1  -1  -5   1  -2  -1  -1  -3  -3  -3  -1  -2   6   0   1   2  -4  -2    3   1   3   4   0   7   2   6   2   1   3   1   2   2  41   8   8   3   1   2  0.85 0.50
   90 A    -1  -2   0   1  -4   0   3   0   0  -1   0  -1  -3  -2   2   1  -1  -3  -2  -1    4   2   5   7   0   3  23   8   2   4   9   3   0   1   9  11   4   0   1   4  0.21 0.21
   91 P    -1  -3   0   1  -4  -2   0   2  -2   0  -1  -2   1  -1   3   0   2  -4  -2  -1    5   0   4   8   0   1   6  16   1   6   6   2   3   3  13   8  13   0   1   4  0.19 0.19
   92 K     0   0  -1   1   1   1   0  -1  -1   0   0   0   0   0   1   0   0  -3  -1   0    5   6   1  11   3   8   4   4   1   5  12   6   3   4   6   5   5   0   2   8  0.05 0.07
   93 P    -2  -3   1   1  -5   0   4  -2  -2  -3  -4  -1  -2  -1   5   0   0  -1  -5  -2    2   1   6   7   0   5  24   2   1   2   2   3   1   3  25   8   5   1   0   3  0.60 0.42
   94 N    -1   0   4   2  -1   0  -1   0   3  -3  -3  -2   0  -2  -1   1   0  -5   0  -4    4   5  20  13   2   4   3   8   8   2   2   2   3   2   3  11   6   0   3   0  0.34 0.28
   95 V     0  -3  -2  -2  -4  -2  -4  -3  -1   2   1  -3   1   1   1  -1   1  -4  -2   3    7   1   2   2   0   1   0   2   2  14  15   1   3   6   6   4  10   0   1  24  0.31 0.25
   96 D    -2  -1  -1   5  -5   0   2  -1  -2  -2  -3  -1   0  -2   0   0  -1  -1  -1  -1    3   3   3  34   0   3  14   6   1   2   3   3   2   2   4   7   3   1   2   4  0.49 0.34
   97 P     0  -1   0   0  -4  -1   1   2   0  -2  -1   0   2  -4   3   0   0  -2  -3  -2    7   2   4   4   0   3   8  17   3   2   6   5   5   0  18   7   6   0   1   2  0.27 0.22
   98 F    -2  -4  -4  -3  -2  -3  -3  -2   0   0   3  -3   0   5  -2  -1  -3   1   3  -1    3   1   1   1   1   1   2   3   2   5  25   1   2  27   3   6   1   2   8   4  0.54 0.35
   99 F    -2  -1  -3  -2   0  -1  -2  -4  -1  -1   1  -1   2   4   3  -1  -1  -1  -1   0    3   4   1   2   2   3   3   1   1   3  15   4   5  21  16   5   4   1   1   5  0.36 0.28
  100 L     0   0  -1   1  -4  -1   2  -3  -1  -1   0   1  -1   1   1   0  -1   0   0  -1    8   4   2   8   0   1  14   0   1   4  12  10   2   8   8   7   2   1   3   4  0.12 0.15
  101 R     0   0   1  -1  -2   0   0   0   0  -1   1  -1   1   1  -2   1   0  -3   0  -1    9   6   6   3   0   5   5   8   2   4  13   2   5   7   1  11   5   0   2   3  0.05 0.09
  102 Y     1  -3  -4  -4   1  -2  -2  -2   1   2   2  -2   1   2  -2  -1  -1   1   2   1   12   1   0   0   3   2   2   2   3  10  23   2   4   9   2   5   3   2   6   8  0.22 0.19
  103 K     0   1   1   0  -5   1   3  -3   0  -2  -2   2  -3  -2  -1  -1  -1  -5  -2  -1    8   8   7   4   0   6  24   1   2   3   4  15   0   2   3   5   3   0   1   4  0.31 0.26
  104 S     1   0   0  -1  -2  -1  -1  -3  -1  -1   0   0   1   1  -1   2   1  -1   0  -2   15   5   5   2   0   2   4   0   2   3  10   5   4   6   3  16  11   1   3   1  0.14 0.18
  105 I     0  -3  -1  -4   3  -3  -3  -3   1   2   2  -2   2   2  -4  -1   2  -4  -1   1    6   1   4   0   5   0   1   2   3  11  19   2   6  10   0   4  12   0   1  11  0.28 0.23
  106 S     0   2  -1  -1   2   0   0  -1  -1  -2  -1   2   1  -1  -1   1   0  -4   1  -2    7  12   2   3   4   3   6   4   1   2   5  16   4   2   2  14   6   0   5   1  0.15 0.17
  107 D    -2   2   3   4  -6   0   4  -4   0  -6  -4   1  -3  -5  -3  -1  -3  -6  -4  -4    4  10  12  25   0   3  23   1   2   0   2  10   1   0   1   4   1   0   1   1  0.71 0.44
  108 S     2  -1  -1  -1   2   0  -2  -2  -1   0  -1  -1   1  -3   0   1   1  -4  -2   1   16   3   3   4   4   4   1   2   1   6   6   4   4   0   6  13  10   0   1  13  0.15 0.17
  109 A     0  -1  -1  -2  -3  -2  -1  -2   1   1   2   0   0  -1   1   0   0  -4  -1   1    9   3   2   2   0   0   3   2   3   8  24   5   2   2   8   7   5   0   2  13  0.14 0.16
  110 H     0   0   0   0   2   1   1  -1   2  -3  -1   0  -1   1   2   1   0  -4  -1  -2    9   6   3   6   4   6  10   3   7   1   5   4   2   6  12   9   6   0   2   1  0.15 0.16
  111 R    -1   1   2   1   0   0   1  -3   0  -2   0   2  -1  -2   1   0  -1  -4  -3  -1    5   8  11   7   2   3   9   1   2   2  12  16   1   2   6   5   4   0   0   3  0.16 0.17
  112 L    -3  -4  -5  -1  -3  -1   0  -5  -2   2   4  -1   0   2  -6  -2  -1  -5  -4   0    2   0   0   4   0   2   6   0   1  11  46   4   2  10   0   2   3   0   0   6  0.63 0.40
  113 P     0   2  -2  -2   0   0  -1  -2  -2   1   1   1   0   0   1  -1  -2  -4  -2   0   10  10   2   1   2   5   4   3   1  11  13  12   1   4   7   4   1   0   1   8  0.10 0.13
  114 V     0   0  -1   1  -4   2   2  -1  -1  -1   0   1  -1  -2   1   0  -1  -4  -2   0    9   3   3   7   0  10  14   4   1   3  11  10   1   1   6   6   3   0   1   6  0.12 0.14
  115 H     2  -1  -2  -2  -1  -1  -1  -3   1   0   1   0   2   0  -2   0  -1   3   0  -1   18   3   1   2   1   2   5   1   3   6  18   8   6   4   2   9   3   4   3   2  0.13 0.16
  116 L    -1  -2  -1  -3  -2  -1   0  -4  -3   1   3  -2   3   2  -5  -2  -2  -4  -1   1    4   3   3   1   1   3   6   1   1   8  34   2   9   9   0   3   2   0   2  10  0.40 0.29
  117 S    -1   0   0   2  -5   2   3  -3  -2  -3  -2   3   0  -3  -4   2   0  -3  -3  -2    5   5   3  13   0   7  17   1   1   2   5  16   3   1   0  14   5   0   0   2  0.35 0.30
  118 A     0   0   0   2  -4   0   2  -2  -1  -2   1   1  -1  -4  -3   1   1  -5  -2  -2    7   4   5  11   0   4  17   2   1   2  13   7   1   0   1  12   8   0   2   2  0.21 0.22
  119 L     0  -1  -1  -1  -3   2   1  -2   0   1   2  -1   2  -1  -2   0   1  -4  -2  -1    8   3   2   3   0   9   8   3   3   8  20   4   7   3   1   6   8   0   0   3  0.12 0.15
  120 S     0  -1   0   1  -1   1   0   2   0  -2  -1   1  -1  -1  -1   2  -1  -2  -2  -2    6   3   5   7   1   7   6  16   3   2   6   9   2   3   2  16   3   0   1   2  0.13 0.14
  121 P    -1   1   1   2  -3   1  -1  -2  -1  -3  -3   1  -4  -2   4   1   1  -4  -1  -2    4   7   6  11   0   5   4   2   1   1   2   8   0   2  19  13   9   0   2   3  0.34 0.26
  122 P    -3   4  -2   0  -5   2   0  -2  -4  -4  -4   2  -2  -1   4   0  -1   1  -4  -4    2  19   2   5   0   8   6   4   0   1   1  13   1   2  23   6   3   2   0   1  0.61 0.41
  123 I     0  -4  -6  -6  -5  -5  -4  -4  -6   3   2  -5  -3   3   3  -3  -3  -5  -1   4    7   1   0   0   0   0   1   1   0  15  16   0   0  13  17   2   1   0   1  25  0.75 0.45
  124 S     1   0  -1   4  -2  -1   0  -3  -2  -3  -4   1  -2  -5  -4   2   2  -5  -4  -1   13   5   2  22   1   2   5   1   1   1   1   9   1   0   0  17  14   0   0   4  0.45 0.34
  125 A     3  -4  -4  -1   8  -4  -2   0  -6  -3  -2  -4  -4   0  -6  -3  -3   0  -5   2   21   1   1   4  32   1   3   8   0   1   5   1   0   4   0   1   1   1   0  16  1.03 0.55
  126 V    -2  -6  -7  -7  -5  -1  -5  -6  -6   4   4  -4   1   1  -5  -5  -4  -2  -3   4    4   0   0   0   0   3   1   1   0  25  32   1   2   5   0   0   0   1   1  24  0.93 0.50
  127 F    -3  -4  -3  -4  -5  -6  -6  -4  -6   5   1  -3  -1   3  -5  -5  -2  -5   0   4    2   1   1   1   0   0   0   2   0  30  12   2   1  12   0   0   2   0   3  30  0.91 0.49
  128 S     1   0   0   0  -3  -4  -2  -3   0  -1   0  -4  -3   0  -5   2   1  -4   5   1   13   5   5   6   0   0   2   2   2   4   8   0   0   4   0  15   9   0  19   9  0.33 0.31
  129 D    -4  -3   0   8  -8  -5  -1  -7  -1  -8  -8  -6  -8  -8  -5  -2  -3  -9  -8  -6    1   1   4  82   0   0   3   0   1   0   0   0   0   0   1   2   2   0   0   1  2.46 1.07
  130 F     1  -3  -4  -5  -4  -1  -3  -1  -1   0   2  -3   3   4   2   0  -1   2  -1  -1   12   1   0   0   0   3   1   5   2   4  18   1   7  18  11   6   4   3   1   4  0.34 0.28
  131 L    -1  -5  -3  -6   1  -5  -6  -6  -1   0   2  -5   3   6  -4  -2  -1  -4   1   2    5   0   2   0   3   0   0   0   1   5  18   0   7  33   1   3   4   0   4  13  0.84 0.46
  132 F    -2  -4  -1  -2   3  -2  -1  -1   0   1   2  -3   2   4  -2  -3  -2   3   2  -1    3   0   4   3   7   2   4   4   3  10  19   1   6  18   2   1   1   4   6   3  0.35 0.26
  133 T     1  -4  -1  -2  -1  -4  -2  -1  -2  -2  -3  -4  -3   2   4   1   2   3   1   0   12   0   3   2   1   0   3   5   1   2   2   0   0   9  21   9  14   5   4   6  0.44 0.34
  134 Q     1  -5  -2   1   4  -1   0  -1  -5  -3  -3  -4  -1   2  -2   1  -2   8  -1  -4   11   0   2   9  10   2   6   5   0   1   2   0   1   8   2  13   2  22   2   1  0.80 0.48
  135 G     2  -2  -3  -2  -3  -1   0   2  -1  -1  -1  -1   2   0   1   0   1  -2  -3   1   23   2   0   2   0   2   5  14   1   2   4   4   5   4   7   4   9   1   0   9  0.19 0.21
  136 L     1  -2  -3  -2   0  -3  -2  -3  -2   2   2  -4   0   1   0   0  -1  -4  -3   2   14   2   0   2   2   1   2   1   1  10  23   0   2   7   5   8   4   0   0  15  0.25 0.23
  137 N     1  -1   0   4  -3  -1   1  -3   1   0   0   0  -1  -2  -2  -1  -1  -5  -4   0   11   3   5  26   1   2  11   2   3   6  11   4   1   1   2   3   2   0   0   5  0.29 0.25
  138 T     3  -3  -5  -3  -2  -3  -3  -4  -1   2   0  -4   2  -1   0  -2  -2   1  -3   4   23   1   0   1   1   1   2   1   1   9   8   1   6   2   5   3   2   2   0  31  0.53 0.37
  139 T     5  -2  -3  -1   4  -4   0  -2  -5  -3  -5   1  -5  -4  -4  -1  -1   3  -5  -1   51   2   1   3   8   0   6   3   0   1   1   8   0   1   0   3   3   4   0   4  0.89 0.56
  140 L     0   2   1   0  -4   0   3   0  -3  -1   1   2   0  -1  -4  -1  -1  -4  -1  -2    6  11   6   4   0   3  18   9   0   4  13  12   2   2   0   3   2   0   2   2  0.20 0.21
  141 P    -1  -2  -3  -1  -2  -1   3  -4   0   0   2   0   0   3   1  -1  -2   2  -1  -2    6   2   1   2   1   2  18   0   2   6  18   7   2  14   7   5   2   3   1   1  0.24 0.24
  142 H    -2  -3   4   1  -6  -1  -1   4   3  -5  -2   1  -3   0  -5   0  -4   0  -4  -3    2   1  20   7   0   2   3  28   8   1   4  10   1   4   0   5   0   1   0   2  0.61 0.40
  143 L    -3  -4  -4  -7  -5  -6  -6  -5  -4   6   3  -3   0   1  -6  -6  -4  -6  -2   3    2   1   1   0   0   0   0   1   0  38  29   2   1   5   0   0   0   0   1  17  1.08 0.54
  144 P     2  -2  -4  -1  -4  -5  -4  -5  -4  -6  -3  -2  -4  -7   7  -1  -2  -7  -3  -2   14   3   1   4   0   0   1   0   0   0   3   2   0   0  60   5   3   0   1   3  1.61 0.81
  145 N     0   2  -1  -2   2  -2   1  -1  -1  -1  -3   1  -3   0  -2   2   0   2  -2   0    7  12   3   2   4   0   8   4   2   3   2   8   0   5   2  21   7   3   0   7  0.19 0.21
  146 Y     2  -4  -5  -4  -4  -4  -3  -4   1   2   0  -3   0   1  -5  -4  -2  -1   5   3   17   0   0   1   0   0   2   1   4  11   9   1   2   5   0   0   2   1  23  22  0.66 0.40
  147 T     0  -2  -2  -3  -1  -2  -3  -3   1   2   2  -2   1   0   0   0  -1   0   1   2    6   2   1   1   1   2   0   2   4  14  19   2   3   4   4   9   3   1   4  18  0.21 0.18
  148 F    -5  -3  -5  -4  -5  -5  -4  -4  -4  -3   2  -5  -1   7  -5  -2  -5   4   4  -1    1   2   0   1   0   0   1   2   0   0  17   1   1  48   0   3   1   5  11   5  1.39 0.61
  149 T    -3  -1   0  -4   1  -2  -3  -2   3   0   0  -3   0   3  -3   1  -2   8   2  -1    1   4   5   0   3   1   2   3   6   7   9   1   2  11   1  13   2  19   5   3  0.61 0.36
  150 T    -1  -3  -4  -4  -4  -3  -3   1  -5   2  -2  -1  -4  -5   3   0   5  -5  -5   0    5   1   0   0   0   1   1  10   0  11   3   3   0   0  17   5  36   0   0   5  0.71 0.46
  151 T     0  -3  -1  -3   0   2   1  -1   0   0  -3  -3   1   1  -2   3   2  -4   0  -2    7   0   3   1   2  10   9   4   2   5   1   1   4   5   2  27  11   0   3   3  0.32 0.30
  152 S     0  -3   2  -4   1  -2  -4   2  -3  -4  -5  -1   1  -1   2   4  -2  -5  -1  -1    8   1   9   0   3   1   0  15   0   1   0   4   3   3  10  30   2   0   2   5  0.47 0.37
  153 A     5  -2  -5  -5   6  -5  -4  -1  -5  -1  -3  -4  -1   0  -1  -1  -2  -5  -1  -1   49   2   0   0  15   0   1   4   0   4   3   0   1   3   4   5   2   0   2   4  0.94 0.54
  154 R     2   1  -2  -3   4  -1  -2   0  -2  -2  -2  -1  -1   1   1   1   1   2   0   0   17   7   2   1   9   2   1   7   1   2   3   3   2   7   7  10  10   3   2   5  0.20 0.20
  155 F     0  -3   0  -2   3  -3  -1  -1  -1  -1   0  -4   1   4  -4   0   0  -2   2   1    9   1   4   2   7   0   3   5   1   3   7   0   4  20   0   9   5   0   6  11  0.29 0.24
  156 F    -3  -3  -3  -3   2  -4  -3  -3   0   0   4  -4  -1   5  -2  -2  -3  -1   1  -1    1   2   1   2   4   1   2   3   2   6  37   1   1  24   2   3   2   1   4   3  0.66 0.39
  157 T     2  -1  -1  -2   2  -3  -3   1   0  -2   0  -2   1  -1  -2   3   1  -2  -1   0   16   4   3   2   4   0   1  11   2   2   8   1   4   3   2  22   7   0   2   5  0.20 0.21
  158 L     1  -2  -3  -3   3  -3  -3  -2  -3   2   1  -2   1   2   1   0   0   1   0   2   12   2   0   1   6   0   0   3   1  12  16   2   3   8   7   6   4   2   2  13  0.21 0.18
  159 M    -1   1  -1  -3  -1  -1   0  -2   3  -2   0  -1   3   2   0  -1   0   2   4  -1    4   8   3   1   1   3   6   2   7   2   7   3   8   7   5   5   6   3  15   3  0.24 0.21
  160 S     0  -1  -1  -1   1  -1  -1   0   1   0   1  -1   0   1  -2   1   0   0   2   0    7   4   3   4   4   3   2   6   4   4  15   2   2   7   2  13   4   1   9   5  0.06 0.10
  161 Y    -1  -1  -1  -2  -2  -2  -2  -2   6   0  -4  -3  -1  -1  -3  -1  -2   0   6   1    4   3   4   3   1   2   3   3  21   5   1   1   2   2   1   4   3   1  25  12  0.76 0.44
  162 V    -1  -2  -1  -3  -3  -2  -2  -3  -2   1   2  -1   2   3  -1  -1   0  -3   3   1    5   1   3   1   0   2   2   2   1   9  19   3   5  12   3   4   7   0  10  12  0.24 0.19
  163 P    -1   0  -4   2   1   1   0  -2   1  -3  -3  -2  -3  -3   5   0  -2  -2   2  -4    5   5   0  10   3   8   5   2   4   2   3   2   1   1  33   8   2   0   6   0  0.63 0.40
  164 H     0   1   0  -1  -2   1   1  -2   4  -1  -1   1  -2   1  -2  -1   0   0   1  -1    8   7   3   4   1   6   8   2  13   3   6  10   1   6   1   4   7   1   4   5  0.14 0.14
  165 L    -2  -2  -2  -3  -1  -3  -2  -2  -4   2   3   0   1   1   2  -2  -1  -4   1   1    1   2   2   1   1   0   3   3   0  14  28   5   3   6   9   2   4   0   4   9  0.27 0.21
  166 A     0   2   1   1  -2  -1  -1  -1   2   1   0   0   0   0   1   0   0  -1   1   0    6  12   6   8   1   1   3   3   6   9   8   3   3   3   6   6   4   1   5   5  0.06 0.09
  167 K     1   0   0   1  -3   0   2  -1  -1  -1  -1   1  -1  -1  -1   1   0   0  -2  -1   12   4   5   9   0   2  15   3   1   3   7  10   2   2   3  11   4   1   0   4  0.12 0.14
  168 S     1   0   0   0  -4   1   2   0  -3  -3  -2   2  -2  -4   0   1   1  -4  -1  -2   11   5   5   6   0   5  14   8   0   1   3  13   1   0   5  10  10   0   2   3  0.20 0.19
  169 S     0  -2   1   1  -1  -1   1  -1  -1  -1   0  -1   0   0   1   2   0  -3  -1  -1    7   1   6   7   1   1   9   5   1   2   8   3   2   6   8  18   7   0   2   5  0.11 0.13
  170 S    -1  -1   0   1  -2   0   0   1  -2  -3  -1  -2  -1  -1   2   3   0  -1   0  -3    4   3   4   9   1   3   7  11   0   1   6   2   2   3  10  24   5   1   3   1  0.23 0.23
  171 S    -1  -1   0   3  -3   0   1  -2  -2  -1  -1   0  -2  -1   0   1   1  -1  -1   0    3   2   4  19   0   3  11   2   1   4   7   5   1   2   4  11  10   1   2   8  0.17 0.17
  172 S     1  -1  -1   1  -1   1   2  -1   0  -1  -1   0  -1  -2   2   0   1  -3  -1  -1   11   2   3   6   2   6  16   5   2   4   5   4   2   1   9   8   8   0   2   4  0.13 0.13
  173 P    -2  -2  -2   1  -3  -2   2  -2   0  -2  -2  -1   3  -3   5   0  -1  -4   0  -2    3   2   2   9   0   1  13   3   3   2   5   3   8   1  28   8   4   0   3   3  0.52 0.34
  174 V    -1  -2  -2   0  -3  -3  -2  -4  -2   2   2  -3   2   3  -2   0   0   0  -2   2    5   1   2   5   0   0   3   1   1  11  19   1   4  12   2   9   7   1   0  15  0.23 0.20
  175 E    -1   0  -1   1  -3   1   1  -1   0  -1   0   1  -1   0   0   1   0   1   1   0    4   5   1   8   0   5   9   3   3   2   8  11   1   5   4  11   4   2   6   8  0.07 0.10
  176 I    -2  -5  -3  -3  -4  -3  -4  -4  -3   4   2  -2   2   1  -1  -4  -2  -4  -2   4    3   0   2   2   0   1   1   1   0  28  16   2   5   7   3   1   2   0   1  26  0.64 0.35
  177 P    -4  -3  -5  -4  -6  -1   0  -2  -6  -6  -4  -3  -2  -4   8  -1  -3  -6  -4  -2    1   1   0   1   0   3   6   3   0   0   2   2   1   1  69   5   1   0   1   3  1.92 0.85
  178 G    -1   1   0   0  -1  -1   1   5  -4  -5  -5  -1  -4  -4  -1   1  -2  -5  -1  -2    4   9   4   4   2   2  10  39   0   0   0   2   0   1   4  10   3   0   2   4  0.55 0.36
  179 L    -1  -4  -5  -5   2  -2  -5  -1  -2   0   3  -4   4   4  -5  -2  -2   2   0   0    4   1   0   0   4   2   0   4   1   4  34   1  10  17   0   3   2   3   2   7  0.60 0.35
  180 E    -1   0   0  -2  -3  -1   1  -2   1  -3  -3   1  -3  -2   5   0  -1  -5   1  -2    5   5   4   1   0   2   8   3   4   1   3  10   1   2  32   8   4   0   4   3  0.54 0.34
  181 P     0  -2   2   0  -3  -3   1  -2  -3  -3   1   0   0  -3   5   0   0  -1  -2  -2    6   2  10   4   0   0   9   3   0   1  13   5   2   1  27   7   6   1   2   2  0.42 0.30
  182 F    -3  -2  -4  -5  -4  -4  -3  -1  -2   2   3  -3   3   3  -4  -4   0  -3   3   1    1   3   1   0   0   0   1   6   1  13  28   1   7  13   1   1   6   0   9   9  0.52 0.32
  183 P    -2   3  -1  -2  -4  -1   1  -2   1   0  -1   2  -3  -2   3  -1   1  -1  -3  -1    2  17   2   1   0   2   9   3   4   6   8  13   0   2  14   3   9   1   1   4  0.28 0.24
  184 T     1   0  -1  -2  -1  -1   0  -2   1   0   0   0   0   1   0   0   1  -1   1   0   10   6   2   1   1   2   5   2   4   3  11   5   2   7   4   8  12   0   6   7  0.06 0.10
  185 D    -2   2   0   3  -4  -1   1  -3  -1  -4  -3   3  -2  -5   0   1   0   1   0  -4    2  12   3  20   0   1   8   2   1   0   2  21   1   0   5  10   5   2   3   1  0.47 0.33
  186 N    -2  -1   1   5  -1   2   0  -1   2  -3  -1  -1  -1  -3  -5  -2  -3  -5  -2   1    3   3   5  36   1   9   6   4   5   1   5   2   2   1   0   3   1   0   2   9  0.53 0.36
  187 I    -2  -4  -5  -2  -3  -5  -2  -6  -3   2   4  -5   4   2  -5  -2  -2   0   1   1    3   1   0   2   0   0   3   0   0  10  39   0  11  10   0   3   3   1   5   9  0.65 0.38
  188 P    -3  -3  -1  -4  -1   0  -1  -5  -2  -3  -1  -1  -1  -1   7  -1  -1  -6  -5   0    2   2   3   1   1   5   4   1   1   1   6   3   2   3  51   6   4   0   0   6  1.15 0.60
  189 P    -1  -1   0   1  -4   0   1  -2   1  -2  -3  -1  -1   0   2   2   1  -1  -2   0    5   3   3  10   0   5   9   3   4   2   1   3   1   4  10  20   8   1   1   7  0.21 0.22
  190 P     0   0  -1  -1  -3  -2  -1   0   0   0  -1  -2   1   4   2   0  -1  -2   1   0   10   6   3   4   0   1   3   7   2   6   5   1   4  18  11   6   2   0   5   5  0.17 0.17
  191 F    -1  -2  -3  -2  -1  -1  -2  -1  -2   1   2  -2   2   2  -3  -2   0   3   1   1    3   1   1   2   1   2   2   5   1   8  25   1   6   9   1   3   5   5   6  12  0.26 0.20
  192 F    -1   0  -3  -3   0  -1  -1   0   0  -1   1  -1   1   2  -4  -1   2   1   3  -1    6   7   0   1   2   3   5   7   3   3  14   3   4  11   0   3  13   2  11   4  0.16 0.17
  193 N    -1   1   2   2  -1  -1   0  -1   0  -2  -1  -1   0  -2   1   0   0  -4   0   0    5   7  12  15   1   2   6   3   2   1   6   4   3   2   8   6   4   0   3  10  0.14 0.15
  194 P    -1   1  -1   0  -3  -1   0  -2   0  -1  -1   1  -1  -1   4   1  -1   0  -2  -1    3   9   3   5   0   1   6   2   2   3   7  10   1   3  22  10   4   1   1   4  0.28 0.22
  195 E    -1  -1   3   2  -4  -1   3  -1   0  -2  -2   0  -1   0  -2   1  -2   1   1  -3    5   3  14  12   0   2  21   3   2   2   5   6   2   4   2  10   1   2   4   2  0.29 0.24
  196 H    -1   0   2   3  -4   0   1   0   2  -3  -3   0  -2  -1   0   2   0  -2  -1  -2    5   4  10  15   0   3   8   7   6   1   3   4   1   4   5  17   4   1   2   2  0.23 0.20
  197 I     0  -1   0   1  -2   0   0  -2  -1   1   1  -1   0   0   2  -1   0  -1   0   1    9   3   4   8   0   4   5   2   1   8  13   4   1   5   9   2   6   0   4  11  0.06 0.07
  198 F    -1  -1  -2  -1  -4  -2  -2  -1  -3  -1   1  -1   3   5  -1  -2  -2   4   1   0    4   4   2   3   0   2   2   4   0   2  15   3   8  24   4   3   2   7   5   5  0.37 0.26
  199 T    -1   0  -1   0   1  -2   0  -1   1  -1   0   1   0   1  -2   0   0   2   4  -1    5   5   3   4   3   0   5   4   4   4   8  10   3   6   2   7   7   2  16   3  0.12 0.15
  200 S     0   2  -1   0  -4   1   2   0   0  -2  -2   1  -1  -1   0   1  -1   1  -2  -1    8  13   2   4   0   7  13   6   2   2   4   9   1   4   5  11   2   2   1   3  0.14 0.15
  201 F     1  -3  -3  -1  -1  -1  -2  -4  -1   1   1  -4   3   4  -3  -1  -2   1   2   0   11   1   1   5   1   3   3   0   1   8  16   0   9  22   1   3   2   2   5   6  0.35 0.26
  202 T    -1   0  -2  -2   0  -1  -2  -3  -1   1   2  -2   2   3  -3   0   0   2   2   0    5   6   1   2   2   3   1   1   1   9  19   2   6  14   1   6   5   2   8   5  0.19 0.17
  203 I    -1  -1  -1   0  -1  -1   0  -2   2   1   1  -1   0   2  -2  -1  -1  -3   1   1    5   4   3   7   1   1   6   3   7  10  16   5   1   9   1   2   3   0   4  12  0.07 0.10
  204 S    -1   3   2   2  -4   1   1   0   1  -3  -3   1   0  -1  -3   0  -1   1   1  -3    5  16   9  10   0   7   9   7   4   1   1  10   2   3   1   5   2   2   5   1  0.27 0.22
  205 N    -2  -1   1  -1  -3   3   0  -3   0   1  -1  -2   5   1  -4  -1   0  -1  -3   0    3   3   7   3   0  18   7   1   2   8   5   2  16   7   0   4   5   1   0   8  0.31 0.29
  206 A     1   0   0  -1   0  -2  -1   1   0   0   0   0   0   2  -2   0   1  -3   0   0   12   4   3   3   2   0   3  10   3   5   7   5   1  14   1   6   8   0   2   9  0.05 0.09
  207 K    -1   2   1   0  -2   1   2  -3  -1   0  -1   2  -1  -1  -2   0   0  -3  -1   0    3  11   6   5   1   5  18   1   1   5   7  11   1   4   2   6   5   0   2   6  0.15 0.15
  208 Y     0   2   2  -1   0   0  -1   0   0  -2  -1   0   0  -1  -2   0  -1   3   0   0   10  13  11   2   3   4   2   7   3   1   7   5   3   3   1   7   2   5   4   7  0.11 0.13
  209 F    -1  -1  -2   0  -2  -1   0  -2  -1   1   2  -2   2   3  -4  -2  -1   2   2  -1    3   4   2   5   1   3   6   3   1   8  24   1   6  14   0   2   4   3   7   3  0.22 0.20
  210 S    -1   3  -1   1  -5   0   1  -1   0  -2  -2   3   1  -5   3   0  -1  -2  -3  -2    4  14   3   7   0   3   9   4   2   2   3  17   4   0  15   7   4   1   1   3  0.32 0.25
  211 L    -1   2   0   0  -4   0   1  -1  -1  -2  -1   3  -2   0  -1   0   0  -4  -1  -2    4  13   5   6   0   2   9   3   1   3   8  21   0   4   3   7   7   0   2   1  0.20 0.20
  212 S     4  -2   0  -3   4  -2  -2  -2  -1  -1  -2  -3  -2  -2  -2   3   1  -5  -1  -1   33   1   5   1   8   1   2   3   1   3   4   1   1   1   2  22   7   0   2   3  0.45 0.36
  213 K    -1  -1   1   4  -3  -1  -1  -3  -2  -4  -2   2  -4   1  -1   3   0  -1   1  -3    3   3   6  22   0   2   3   1   0   0   3  12   0   7   2  21   6   1   6   1  0.39 0.32
  214 G     2  -4  -3  -2   0  -1   1   5  -1  -2  -2  -2  -2   0  -4   0  -2   3  -2  -2   16   0   0   1   2   2   9  38   1   3   4   2   1   4   0   5   2   4   1   3  0.53 0.34
  215 I    -2  -4  -5  -3  -4  -4  -4  -5  -3   5   1  -5   2  -1  -2  -3  -2  -2  -2   4    3   1   0   2   0   0   1   1   1  36  14   0   4   2   2   2   2   1   1  28  0.84 0.42
  216 L    -1  -4  -5  -5  -4  -2  -4  -4  -4   4   3  -2  -1   3  -2  -3  -2  -4  -1   1    5   0   0   0   0   2   1   1   0  21  34   3   1  13   2   2   2   0   2  10  0.58 0.32
  217 V    -2  -1  -2  -3   1  -3  -2  -3   1   3   0  -3   1   2  -4  -3  -1   1   0   4    3   4   2   1   3   0   3   3   3  16   7   1   4   9   0   1   3   2   2  33  0.43 0.28
  218 N    -4   1   7   0  -5  -1   0  -4   1  -5  -5   0  -2  -3  -3   0   1  -6  -3  -5    1   7  53   4   0   2   5   1   3   0   1   4   1   1   1   5   8   0   1   0  1.17 0.58
  219 T    -2  -3  -2  -3   0  -4  -4  -3  -5  -3  -4  -2  -2  -5  -4   4   6  -5  -2  -3    2   1   1   1   2   0   1   1   0   2   2   2   1   0   0  28  53   0   1   1  1.22 0.64
  220 F    -2  -5  -5  -6   4  -4  -5  -5  -4  -1  -1  -5  -1   7  -5  -1   0   2   1   1    3   1   0   0  10   0   0   0   0   3   6   0   2  49   0   4   5   3   4   8  1.18 0.53
  221 D    -1   2  -1   3  -4   2   3  -4   0  -4  -3   0  -2   0  -1   0  -1  -2   2  -2    4  11   1  19   0   9  20   0   2   0   2   4   1   4   3   6   3   0   7   3  0.39 0.28
  222 S     1  -3  -3   2   1  -1   5  -1  -2  -2  -3   0  -4  -4  -2   0  -1  -5  -4  -3   11   0   0  12   4   2  43   4   1   2   3   5   0   1   1   6   4   0   0   2  0.65 0.41
  223 F    -4  -5  -5  -6  -4  -5  -5  -6  -2   2   5  -5   4   2  -3  -5  -3  -4  -2  -2    1   0   0   0   0   0   0   0   1  12  61   0  10   7   2   0   1   0   1   1  1.18 0.53
  224 E    -3  -1  -2   1  -5   1   6  -1   0  -5  -4  -3  -3  -5  -2  -1  -4  -5  -3  -4    2   2   2   8   0   5  62   4   2   0   1   0   1   0   2   4   0   0   1   1  1.23 0.60
  225 P    -2   0  -1  -1  -5   1   0   1   3  -4  -4   1  -3  -3   5   1  -1  -5  -3  -3    2   5   2   2   0   7   5  11   6   1   2   8   0   1  31   9   4   0   1   2  0.60 0.35
  226 E     0   0   1   2  -3   0   2  -1   2  -2  -2   1  -2  -3   1   1   0  -1   0  -1   10   3   8  10   0   4  14   3   5   2   3   8   1   0   6   8   5   1   3   4  0.18 0.15
  227 T     2  -3  -2  -2  -3  -2  -1  -2  -3   1  -1  -1  -1   1  -2   2   0   1   3   1   18   1   1   2   0   1   4   2   0   8   5   3   1   6   2  18   5   2  12  10  0.20 0.21
  228 L     0  -4  -4  -1   2  -2  -3  -4  -2   4   3  -3   1  -1  -3  -3  -1  -4  -3   2    7   0   1   4   4   1   2   0   1  23  31   1   3   2   1   1   3   0   1  14  0.49 0.29
  229 S    -1   0   1   3  -2   1   2  -1  -1  -3  -2   1   0  -2   0   0   0   5  -3  -2    4   4   7  16   1   6  12   4   1   1   3   9   3   1   4   7   5  10   0   3  0.29 0.21
  230 A     1  -1  -2  -1  -3  -1  -1  -2   2   0   1  -2  -1   3  -1   0  -1   3   3  -1   13   3   2   3   0   3   3   2   5   4  14   1   1  13   3   6   3   4  12   4  0.18 0.16
  231 L    -2  -3  -3  -3  -1  -4  -4  -3  -2   3   3  -4   3   3  -3  -3  -2  -3   2   1    2   2   1   1   1   0   1   1   1  16  34   1   6  11   2   2   2   0   6  10  0.51 0.28
  232 N    -1   3   2  -1  -4   2   1  -2   0  -2  -2   1  -2  -1   0   1  -1  -3  -1  -2    5  20  11   2   0   8  10   3   2   2   3   9   1   3   4  11   2   0   3   3  0.26 0.20
  233 S     0   0   2   0  -3   1   1   0  -1  -2  -2   1  -3  -4  -1   2   2  -4  -2  -3    6   5  13   4   0   6   8   7   1   2   3   9   0   0   2  18  14   0   1   1  0.26 0.21
  234 G    -1  -1   0   2  -2   1   0   1   2  -1  -1   0  -2  -1   1   0   0  -2   2  -1    4   2   3  12   1   9   6   9   6   3   7   6   0   2   7   5   6   0   8   4  0.11 0.11
  235 D    -2  -1  -1   2  -2  -1   0  -3   0  -1   0   0   0   3   0  -1  -2   6   2  -2    2   3   2  12   1   2   8   1   2   3  10   6   2  13   5   5   2  11   9   1  0.29 0.19
  236 T    -1   1   0   1  -1   0   0  -1  -1   0   0   0   0  -1   2   0   0  -2  -1   0    4   7   5   8   2   5   5   5   1   5   8   6   4   2  13   6   7   0   2   5  0.09 0.06
  237 L    -1   1  -1  -1  -2  -1  -1  -2   0   1   1  -1   1   2  -1  -1  -1   0  -1   2    5   9   2   3   0   3   2   3   3  10  15   3   4  11   2   3   3   1   1  15  0.08 0.08
  238 S     0   0   0   2  -1   0   1   0   0  -1  -1   0  -1   0   2   0   0   0  -1   0    5   4   5  12   1   4   8   8   2   3   7   6   1   4   9   7   3   1   2   7  0.07 0.04
  239 D     0   0   1   1  -1  -1  -1   0  -1  -1  -1   1   0   2   1  -1   0  -1   0   0    8   5   8  10   1   2   3   6   1   4   4  10   2  13   6   3   5   1   3   6  0.06 0.07
  240 L     0  -2  -2  -2  -1  -1  -1  -2   1   2   1  -1   0   1   2   0   0  -2   0   1    6   1   2   1   2   3   2   3   4  13  16   3   3   5  11   6   4   0   3  13  0.12 0.10
  241 P    -2   2  -1  -1   0  -1  -3   2   1  -3  -4   2  -3  -4   5  -2  -3  -1  -2  -4    3  11   2   3   2   3   1  16   3   1   1  11   1   1  34   2   1   1   1   1  0.73 0.36
  242 P    -3   2   2  -3  -6  -2  -3  -5  -3  -4  -5   2  -5  -2   7  -4  -2  -6  -6  -4    2  10   8   1   0   1   1   0   1   1   1  11   0   2  57   1   2   0   0   1  1.54 0.68
  243 V    -2  -5  -5  -5   2  -4  -5  -5  -3   3   2  -4   0   1  -2  -1  -1  -4   2   4    3   0   0   0   5   0   0   0   0  13  18   0   1   5   2   5   4   0   6  34  0.59 0.34
  244 I    -3  -2  -5  -5  -1  -3  -5  -4  -1   1   2  -3   3   3  -5  -3  -2   4   5   1    2   2   0   0   2   1   0   1   1   8  20   2   7  12   0   2   3   6  20  11  0.60 0.34
  245 P    -1  -5   0  -1   0  -3  -3  -4   3  -5  -1  -3  -4   1   7  -1   0  -5  -1  -5    5   0   5   3   2   0   1   1   7   0   5   1   0   7  48   5   6   0   2   0  1.09 0.53
  246 I    -3  -3  -5  -5  -2  -5  -5  -6  -5   5   0  -5  -1   0  -3  -1   0  -2  -4   5    1   1   0   0   1   0   0   0   0  37   6   0   1   3   1   6   6   1   0  35  0.96 0.47
  247 G    -1  -2  -4  -4  -6  -5  -5   7  -6  -3  -6  -4  -1  -5  -4   0  -4  -6  -4  -3    4   2   0   1   0   0   1  77   0   2   0   0   2   1   1   6   1   0   1   2  1.70 0.70
  248 P    -1  -4  -6  -4  -7  -5  -5   3  -4  -4  -4  -5  -2  -2   7  -2  -5  -7   0  -5    6   1   0   1   0   0   0  20   0   1   2   0   1   2  59   2   0   0   4   1  1.69 0.74
  249 L    -4  -4  -5  -6   0  -3  -3  -6  -5   3   4  -5   2   2  -5   0  -2  -1  -3   1    0   0   0   0   2   1   2   0   0  16  47   0   5   7   0   7   3   1   0   9  0.76 0.41
  250 N    -2   0   2   0  -2   1  -2  -1   5   0   1  -2   0   1   0   0  -1  -4  -2  -1    1   5  10   5   1   7   1   5  16   6  13   1   2   7   4   8   2   0   0   5  0.20 0.21
  251 E    -2  -1   0   1   4  -1   0  -1   0  -1   0   1  -1  -1   2  -1  -1  -4   0  -1    2   3   5   9  11   1   6   6   2   3  12   9   1   3  12   5   2   0   5   2  0.16 0.15
  252 L     0   0  -1   1   1   0   0  -3   0  -1   1   1   0  -1   0  -1   0  -1  -2   0    6   5   2   9   3   3   7   1   3   2  18  13   1   3   4   3   7   1   1  10  0.07 0.11
  253 E     0   0   1   1  -4   0   1  -3   0  -2  -2   0  -3   0   4   0  -1  -1  -2  -2    8   5   6   9   0   4   9   1   2   2   3   6   0   4  25   8   2   1   1   2  0.39 0.25
  254 H     1   0   0   0  -2   1   0   0   0  -3  -2   1  -1  -2   2   1   0  -3   1  -1   11   4   4   4   0   6   6   6   3   0   3  11   2   1  13  11   5   0   7   3  0.17 0.15
  255 N     0  -1   2   1  -3  -1   2  -1  -2  -1  -4   3  -2  -4   3   1   1  -2  -4  -3    6   2  12   6   0   2  12   5   0   3   1  18   1   0  13   8   8   0   0   0  0.35 0.26
  256 K    -2  -2   0   2  -4   0   3   0  -3  -3  -1   3  -4  -4   3   0  -2  -5  -4  -2    2   1   4  13   0   2  19   7   0   1   6  17   0   1  16   8   0   0   0   2  0.43 0.30
  257 Q    -2   0   0   2  -5   2   2  -1  -2  -4  -4   0   0  -1   3   1   0  -5  -3  -2    2   4   5  12   0   8  17   5   0   0   0   5   3   3  18   9   7   0   1   2  0.39 0.27
  258 E     0   0   0   3  -3   1   2  -2   2  -4  -3   2   0  -2   0   1   0  -4  -2  -2    6   4   4  19   1   6  14   1   5   0   2  13   3   1   4   9   5   0   1   2  0.29 0.22
  259 E    -2   0   0   3  -3   0   4  -1  -2  -2  -3   0  -3  -2   1   1  -2  -5  -3  -1    2   4   4  15   0   2  34   4   1   2   2   5   0   1   6  10   2   0   1   5  0.45 0.30
  260 L    -2  -5  -5  -4   7  -4  -5  -5  -4   2   1  -5   2   2  -2  -2  -3   5   2   1    2   0   0   1  27   0   0   0   0  11  15   0   6   8   2   2   0   9   6   8  0.91 0.41
  261 L    -1  -2  -2  -2  -2  -1   2  -4  -3   2   2  -1   3   1   0  -2   0  -3  -2   0    4   2   1   2   1   2  14   0   0  15  23   3   8   6   4   2   6   0   0   6  0.22 0.19
  262 P     0   0   1   2  -4   1   3  -1   1  -4  -4   2  -3  -4   1   1  -1  -1  -2  -4   10   5   6  12   0   4  19   3   3   0   1  15   0   0   6  12   2   1   1   0  0.34 0.23
  263 W    -3  -6  -6  -5  -6  -3  -6  -6  -5  -5  -3  -6  -5   5  -5  -4  -6  12   1  -6    2   0   0   1   0   1   0   0   0   0   2   0   0  20   1   1   0  64   4   0  3.09 0.98
  264 L    -3  -4  -5  -5  -4  -4  -2  -5  -5   2   5  -4   1  -1  -5  -4  -3   1  -3   1    2   0   0   0   0   0   3   1   0  11  65   0   3   1   0   1   1   2   0   8  1.05 0.46
  265 D    -1  -2   3   6  -5   1   1  -2   0  -5  -4  -2   0  -5  -4   1  -3  -5  -4  -5    6   2  16  41   0   6   7   2   2   0   1   1   2   0   0   9   1   0   0   0  0.84 0.42
  266 Q     1   1  -1   1  -4   1   1   1  -3  -3  -3   3  -3  -4  -3   2   1  -2  -4  -3   11   8   2   7   0   6   8   9   0   2   2  18   0   0   0  20   7   0   0   0  0.32 0.24
  267 Q    -1   2  -1  -3  -3   4  -1  -2  -1  -3  -4   4  -3   1  -2   1  -2  -1   1  -3    3  11   1   1   1  23   2   3   1   1   0  24   0   6   2  12   2   1   5   1  0.53 0.36
  268 P    -1   0  -2   0  -5  -1   1   2  -4  -3  -3   1  -3  -5   6   0  -2  -6  -5  -5    4   6   1   5   0   1  11  14   0   1   2   9   1   0  36   5   1   0   0   0  0.77 0.40
  269 E    -1  -2   1   2  -3  -1   3  -2  -2  -4  -4   1  -4  -4   5  -1   0  -5  -4  -4    5   2   6  14   1   2  22   3   1   1   1   8   0   1  25   4   5   0   0   1  0.62 0.35
  270 K    -1   2   1   0  -4  -1   0   2   3  -4  -3   3  -3  -3  -2   2  -2  -4  -3  -4    4  12   8   4   0   2   6  18   7   0   3  17   0   1   1  14   1   0   0   1  0.37 0.24
  271 S    -2  -1  -2  -3  -4  -3  -3   3  -3  -4  -4   1  -4   0   0   5  -1  -4  -4  -4    1   2   1   1   0   0   1  20   1   1   1  10   0   4   4  50   2   0   0   1  0.82 0.45
  272 V    -4   0  -5  -6  -4  -5  -5  -6  -5   2   0  -5  -3   0  -5  -3  -2  -5  -4   7    0   5   0   0   0   0   0   0   0   7   6   0   0   4   0   2   2   0   0  71  1.40 0.60
  273 L    -2  -6  -7  -7  -5  -6  -6  -7  -7   4   2  -6   0  -4  -6  -6  -4  -2  -5   6    3   0   0   0   0   0   0   0   0  22  14   0   2   0   0   0   0   1   0  59  1.47 0.63
  274 Y    -5  -5  -6  -6   0  -5  -6  -6  -1  -3   1  -5  -2   4  -6  -5  -5  -2   8   1    0   0   0   0   2   0   0   0   1   1  14   0   1  15   0   0   0   0  53   9  1.69 0.68
  275 V    -1  -5  -5  -6   2  -5  -5  -6  -5   4   1  -5  -1   4  -5  -4  -3  -4  -3   5    4   0   0   0   5   0   0   0   0  22  11   0   1  15   0   0   0   0   0  40  0.99 0.46
  276 S     0  -4   0  -4   5  -4  -4   1  -4  -5  -4  -4  -1  -5  -4   6   0  -6  -5  -4    8   0   4   0  12   0   0  11   0   0   2   0   1   0   0  54   6   0   0   0  1.10 0.57
  277 F    -4  -5  -6  -6  -5  -1  -6  -4  -5  -3   4  -6   0   7  -5  -5  -5  -3   0  -3    2   0   0   0   0   3   0   2   0   1  33   0   2  53   1   0   0   0   2   1  1.57 0.63
  278 G    -4  -6  -5  -5  -6  -6  -6   8  -6  -7  -7  -5  -6  -7  -6  -4  -6  -6  -7  -7    0   0   0   0   0   0   0  96   0   0   0   0   0   0   0   0   0   0   0   0  2.64 0.92
  279 N    -2  -3  -2  -4  -2  -4  -3  -4  -5  -5  -5  -4  -5  -6  -4   6   4  -6  -5  -5    2   1   1   0   1   0   1   0   0   0   0   0   0   0   0  66  24   0   0   0  1.57 0.74
  280 R    -1  -1  -3  -4  -3   0  -1  -2   1   3   1  -3   5  -1  -4  -3  -1  -4  -1   2    5   3   1   0   0   4   5   3   4  18  13   1  18   2   0   1   4   0   2  17  0.39 0.26
  281 T     1  -3  -2  -3   1  -2  -3   1  -2   0   0  -1   0   1  -1   0   1  -3  -1   2   16   1   1   0   3   2   0  13   1   4   8   4   2   6   3   6   9   0   2  21  0.17 0.17
  282 A     0   0   3  -1   0  -1  -1  -1  -1   0  -1  -1  -1  -1  -1   1   1  -3  -1   1    7   4  17   3   2   1   3   3   1   6   4   4   0   3   3  12  10   0   2  13  0.12 0.14
  283 M    -1  -1  -2   0  -3  -2  -2  -3   0   1   2  -2   4   2   1  -1   0  -3  -2   0    3   3   1   6   0   1   1   1   3   8  25   2  12  11   6   3   6   0   1   5  0.24 0.20
  284 S    -1   0   0   2  -4   1   1  -1  -1  -3  -3   0  -2  -3   3   2   2   1  -1  -3    3   6   3  11   0   5   7   4   1   1   2   5   1   1  13  17  17   2   2   1  0.30 0.23
  285 S     1   0   0   2  -3   1   3  -3  -2  -2  -2   1  -2  -3   4  -1  -1  -4  -2  -3   10   4   5  10   0   6  18   1   1   2   5   9   1   1  20   3   3   0   1   1  0.38 0.25
  286 D     1  -1   2   2  -4   0   3  -1  -1  -2  -4   2  -2  -4  -2   1   0  -3  -3  -2   11   3   8  10   0   2  24   3   1   2   1  15   1   0   1   9   5   0   1   2  0.36 0.25
  287 Q    -1   0  -1   0  -5   6   2  -4   1  -1  -1   1  -1   0  -4  -2  -2  -4  -2  -3    4   4   2   5   0  37  13   0   3   4   6   9   1   5   0   2   1   0   1   2  0.62 0.38
  288 I     1  -2  -4  -4  -1  -3  -4  -4  -2   2   3  -2   3   3  -4  -3   0  -1   0   2   12   1   0   0   1   1   0   0   1   9  27   2  10  11   0   1   6   1   3  13  0.40 0.25
  289 L    -1   1   2   0  -3   1   1  -2   0   0   0   2   2  -2  -3  -1   0  -3  -1   0    4   7  10   4   0   7   9   2   2   4   9  15   7   1   0   2   4   0   2   8  0.14 0.14
  290 E     1  -2  -1  -1  -5  -1   6  -4   0  -3  -3  -1   0  -5  -2  -2   0  -5  -4  -1   11   2   2   2   0   1  55   1   2   2   2   3   3   0   2   2   5   0   0   4  0.90 0.47
  291 L    -2  -4  -4  -5   1  -3  -4  -5  -4   5   3  -4   3   2  -4  -2  -1  -4  -3   1    3   0   0   0   3   1   1   1   0  31  27   0   8   7   0   3   4   0   0   9  0.66 0.32
  292 G     5  -3  -1  -4   3  -3  -3   0  -2   1  -1  -2   1  -1  -3  -1  -2  -2  -3   1   47   1   3   1   6   1   1   7   1   7   5   1   3   3   1   3   1   0   0  10  0.55 0.33
  293 M     0   1  -1   0  -1   0   2  -2   1  -1   1   0   0  -1  -3   0  -1   4   0  -1    8   7   3   6   1   4  14   1   4   3  17   5   3   1   1   7   2   8   3   2  0.15 0.14
  294 G     4  -4  -2  -2  -3  -3  -2   5  -4  -1  -4  -3  -1  -4  -3   0  -2  -4  -4  -1   34   0   2   2   0   0   3  39   0   4   1   1   1   0   0   7   2   0   0   3  0.79 0.41
  295 L    -3  -4  -5  -5   1  -2  -4  -5  -4   2   5  -4   2   2  -4  -4  -2  -4  -3   1    2   0   0   0   3   2   1   1   0  12  55   0   4   8   0   1   2   0   0   9  0.83 0.40
  296 E     1   0  -2  -1  -2   0   3   0  -2  -1   1   1  -1  -3  -3  -1  -2  -4  -2   0   15   6   1   3   1   3  28   6   0   4  13   8   1   1   0   2   0   0   1   7  0.24 0.22
  297 R     0   1   2   1  -3   1   1  -2   1  -2   1   2  -1  -3  -3   1  -1  -3  -1  -2    8   6  10   8   0   7   9   2   3   1  15  15   1   0   0   9   1   0   2   1  0.18 0.17
  298 S     0  -2  -2  -3   1  -2  -2  -2   0   1   0   0  -1  -3  -1   4   2  -4  -3  -1    7   1   0   0   3   0   1   1   2  11  11   7   2   0   2  34  12   0   0   3  0.34 0.29
  299 D    -2  -1   1   2  -4   0   0   4  -3  -4  -4   1  -2   0   3  -1  -1  -4  -3  -3    1   3   7  14   0   4   4  31   0   0   1   8   1   4  14   2   3   0   0   2  0.49 0.29
  300 C    -2   1  -2  -3   0   4  -1  -2   2  -1   0   1  -1   0   0  -2  -1  -3   2   2    3   8   0   1   2  23   2   2   5   3   7   7   1   4   4   2   2   0   9  15  0.26 0.24
  301 R    -2   4   0   0  -2  -1   0  -2   1  -4  -3   1  -3  -2   4  -1   1  -4  -1  -3    2  22   4   6   1   2   5   3   4   1   2   7   0   2  23   5   8   0   3   1  0.48 0.27
  302 F    -2  -4  -4  -3   3  -4  -4  -3  -4   0  -1  -4  -2   7  -4  -4  -3  -2   2   2    4   1   1   1   7   0   1   2   0   5   3   1   0  50   1   1   1   0   5  18  1.15 0.48
  303 I    -2  -4  -4  -4  -3  -2  -4  -4   1   4   4  -4  -1   0  -4  -4  -3  -4  -3   1    2   1   1   1   0   2   1   1   4  26  46   1   0   4   1   1   1   0   0   9  0.79 0.38
  304 W    -3  -5  -5  -6  -1  -5  -5  -5  -5  -1  -1  -5  -2   1  -5  -5  -5  12  -1  -1    3   1   0   1   1   0   1   1   0   3   5   1   1   5   1   1   1  67   2   6  2.88 0.92
  305 V     0   2  -1  -4   1  -1  -3  -4   0   0  -1   0   0  -4  -4   3   0  -5  -4   4    7  10   2   0   3   2   0   1   3   4   4   5   3   0   0  20   4   0   0  31  0.45 0.37
  306 V    -1  -4  -2   0   1  -1  -2  -5  -1   2   2  -2   1   1  -4  -3  -2   0   1   3    4   0   2   6   4   2   2   0   2  12  21   3   4   5   0   0   2   1   6  24  0.36 0.28
  307 K    -2   6  -1  -1  -5   1  -2  -1   0  -2  -3   2  -1  -5  -5  -1   0  -5  -5  -3    3  43   3   4   0   5   2   6   2   3   3  13   2   0   0   4   5   0   0   2  0.77 0.50
  308 T    -1  -1   0   1   1  -1   0   1   0  -1  -1   0   0   0   3   0   0   2  -3  -1    4   3   4   7   3   2   7  13   2   3   7   7   2   4  15   5   5   3   0   3  0.15 0.15
  309 S     0  -2   0   1  -1   0  -1   2   0  -2  -2   1  -1  -2   3   1   0   1  -3  -2    6   2   5   8   1   3   4  16   2   2   3   9   2   2  13  11   7   2   0   3  0.21 0.20
  310 K    -1   1   0   0   0   0   1   0   2  -1  -2   2  -1  -2   1   1  -1  -4  -2  -1    5   9   3   6   2   2  10   7   5   5   3  15   2   2   6   9   3   0   0   5  0.12 0.14
  311 I     0  -1  -1  -1  -1  -1   0   1  -2   1   0   0  -1  -1   2  -1  -1   1  -1   1    8   3   2   3   1   1   6  11   1  10   7   7   1   3  11   4   2   2   2  15  0.08 0.08
  312 D     0   0   1   2  -2   0   0   0   0  -2  -1   0  -1  -2   1   1   0  -3  -1  -1    8   5   7  14   1   3   5   7   3   1   8   6   1   1   7  11   6   0   2   4  0.11 0.08
  313 K     0  -1   0   0  -3   0   0   3   0  -1  -1   2   0  -2   0   0  -1  -1  -2  -2    7   2   5   5   0   4   5  23   2   3   6  16   2   1   4   8   2   1   1   3  0.17 0.12
  314 D     0   0   0   2  -1   1   1   0  -1  -1  -1   1  -1  -1  -1   1   1  -2  -2   0    6   3   4  13   1   5  12   7   1   4   5   7   1   3   2  11   8   0   1   6  0.09 0.06
  315 D    -1  -1   0   2  -2   0   2  -1  -1  -1  -1   1  -2  -2   1   0   1  -1  -1   0    4   2   4  15   1   3  17   4   1   5   6   8   1   1   6   8   8   1   2   7  0.15 0.10
  316 K     0   0   0   0   0   0   1   0   0  -1  -1   1  -1   0   1   0   0   0   1   0    9   6   3   3   2   4  11   9   3   3   5  10   1   4   6   5   3   1   5   7  0.05 0.04
  317 S     1  -1   1   1  -2   0   2   0  -1   0  -1   0  -1  -1   0   1   0  -2  -1   0   11   2   6   7   1   4  15   6   1   5   6   3   1   3   3  12   5   0   2   6  0.07 0.06
  318 E     0  -1   1   2  -2   0   3  -1  -1  -1  -1   0  -1  -1  -1   1  -1   0   0  -1    7   2   7  10   1   4  21   5   1   3   7   4   1   3   2   9   3   2   4   5  0.13 0.10
  319 L     0  -1  -1  -1  -2  -1  -1  -1  -1   1   2  -1   0   0   0  -1   0   3  -1   0    9   2   4   3   1   2   5   4   2   7  27   3   2   4   5   4   5   4   1   7  0.09 0.08
  320 R    -1   0   0   0  -2   1   2   0   0   0  -1   1  -1  -2   2   0   0   1  -1  -1    5   5   3   6   1   6  15   6   3   6   6   9   1   2  11   4   4   2   2   4  0.12 0.07
  321 K     0   0   0   1  -1   0   3   0  -1  -1  -2   1  -1  -1   0   1  -1  -2  -1  -1    7   4   5   6   1   4  23   6   1   3   4  10   1   2   4   9   2   0   2   5  0.16 0.10
  322 L     0  -1  -1  -1  -2  -1  -1   0   0   1   1  -1   1   0   0   0   0   3   0   1    9   1   3   2   1   2   5   7   3   9  12   5   4   3   4   5   5   6   4  13  0.05 0.05
  323 F    -1  -2  -1  -1  -2  -2  -1  -2   0   1   4  -2   0   2   0  -2  -2  -2   0   0    4   2   3   3   1   2   5   3   2   7  42   2   2   8   5   2   1   0   2   4  0.30 0.18
  324 G    -1  -3  -1   1  -4  -2  -1   0  -2  -2  -1  -1  -2  -4   6  -1  -2  -4  -3  -3    5   1   3   7   0   2   4   8   1   2   6   4   1   1  46   5   2   0   1   2  0.91 0.36
  325 E    -1   0   0   2  -1   0   4  -2  -1  -2  -2   1  -2  -3   1   0  -2  -3  -3  -2    5   4   3  12   2   3  35   3   1   2   5   7   1   1   6   5   2   0   1   3  0.40 0.23
  326 E    -1  -2   0   0  -3   0   2   4  -2  -1  -3  -1  -3  -2  -2   0  -2  -3  -2  -1    4   1   5   4   0   4  16  38   0   4   3   2   0   2   2   5   2   0   1   4  0.45 0.23
  327 L    -2  -3   0  -2   0  -3  -1  -3  -1   0   1  -1  -2   6  -3  -2  -2   0   0  -1    3   1   4   3   2   1   5   2   1   5  13   3   0  41   1   3   3   1   2   5  0.62 0.27
  328 Y    -1   0  -1  -1  -2   1   1  -2  -1   0   2   0   1   0   0   0  -1  -2   0   0    3   3   3   1   1   5  14   2   1   5  24   6   3   4   6   6   3   0   3   6  0.08 0.08
  329 L     0  -1   0   2  -3   0   3   0   0   0  -2   1  -1  -2  -2   0   0  -3  -2  -1    6   3   3  13   0   3  28   6   2   7   3   8   1   2   1   4   4   0   1   4  0.23 0.15
  330 K    -1   4   1   0  -2   1   2  -2   1  -2  -3   1  -1  -3  -1   0   0  -3  -2  -2    3  30   7   4   1   5  12   2   4   2   2   7   2   1   2   4   6   0   1   2  0.36 0.19
  331 L     0  -2  -2  -3   0  -1  -3  -2  -2   2   2  -1   1  -2  -2  -1   2  -3  -1   2    5   1   2   1   1   2   1   3   1  12  21   3   4   0   1   3  17   0   1  20  0.23 0.16
  332 S     1   0  -1  -2  -1   0   0   1  -2  -2  -2   3  -2  -3   3   1  -1  -3  -2  -2   11   5   3   1   2   3   6  10   1   1   3  19   1   1  18  10   3   0   1   1  0.31 0.18
  333 E     0  -1   1   3  -1  -1   2   2  -1  -4  -3   1  -3  -4   1   1  -1  -4  -3  -3    7   3   5  19   1   1  17  16   1   0   2   7   0   0   6   9   3   0   0   1  0.33 0.19
  334 K    -3   4   5  -2  -4   0  -2  -2   3  -2  -3   2  -2  -2  -3  -1  -2  -4   0  -2    1  24  30   0   0   3   0   2   7   2   2  14   1   2   1   3   2   0   3   3  0.64 0.32
  335 G     0  -3  -2  -2  -3  -3  -3   5  -4  -1  -3  -3  -3  -2  -3  -2   1  -4  -4   2    5   2   1   1   0   0   1  48   0   3   2   1   0   1   1   1  10   0   0  20  0.71 0.32
  336 K    -2   3  -2  -2  -2  -1  -1  -3  -2   1   2   2   3   1  -3  -2  -2  -1   1   0    2  16   2   1   1   2   2   1   1  10  21  14   8   7   0   1   1   1   4   6  0.24 0.17
  337 L    -2  -3  -4  -4  -3  -4  -4  -4  -4   3   2  -4   0   0  -3  -2   0  -4  -2   5    2   1   0   0   0   0   1   1   0  20  18   0   1   3   1   2   5   0   1  42  0.66 0.31
  338 V    -1  -1  -3  -2  -1   0  -2  -3   0   2   0  -1   0  -1  -3  -1   0   3   0   4    4   3   0   1   1   4   2   1   3  11   5   4   1   2   0   4   5   5   4  39  0.32 0.22
  339 K    -2   1  -1   3  -4  -1   0   2  -2  -4  -4   3  -4  -5   2   1  -2  -5  -4  -4    1   8   2  21   0   2   6  14   0   0   1  22   0   0   9  11   2   0   0   0  0.49 0.27
  340 W    -6  -6  -4  -5  -6  -3  -4  -6  -2  -6  -4  -6  -5   2  -7  -3  -6  12   2  -6    0   0   1   1   0   1   1   0   1   0   1   0   0   8   0   2   0  75   7   0  3.42 0.94
  341 V     3  -4  -3  -4   4  -4  -4  -3  -4   1   2  -4  -1   1  -4  -1  -2  -4  -3   3   27   0   1   0   9   0   0   1   0   8  18   0   1   7   0   4   1   0   0  24  0.48 0.28
  342 N    -3  -4   0   1  -2   1   0  -5  -3  -6  -6  -3  -5  -6   7   0  -4  -6  -5  -5    1   0   4   7   1   7   5   0   1   0   0   1   0   0  63   8   0   0   0   0  1.68 0.58
  343 Q    -4  -2  -4  -4  -6   8  -2  -4   1  -5  -2  -3   2  -5  -3  -4  -4  -5   0  -5    0   1   0   0   0  79   0   1   3   0   4   0   5   0   1   0   0   0   3   0  2.00 0.75
  344 T    -1   0   1   0  -2   0   0  -1   1   1   0   0   0  -1   0  -1   0  -2  -1   1    5   5   9   6   0   5   8   3   4   7  13   3   3   2   5   3   4   0   1  15  0.04 0.06
  345 E     2   0  -1   3  -4   1   3  -3  -1  -3   0   0  -1  -3  -3  -1  -1   1  -1  -1   17   6   1  21   0   5  21   1   1   0   9   5   1   0   0   1   2   2   2   3  0.31 0.21
  346 I    -1  -4  -5  -5  -3  -4  -2  -5  -4   4   2  -4   0  -1  -4  -3  -2  -4  -1   4    4   0   0   0   0   0   2   0   0  29  22   0   1   2   0   1   1   0   2  33  0.73 0.32
  347 L    -1  -5  -5  -6  -4  -5  -5  -6  -5   0   6  -5   0   0  -5  -5  -4  -4  -1  -1    4   0   0   0   0   0   0   0   0   2  83   0   1   3   0   0   0   0   1   2  1.39 0.51
  348 G     2   0   0  -1  -2   0   0   1   0  -3  -3   1  -2  -1   1   2  -1  -3  -2  -2   25   6   5   2   1   3   6  13   2   1   1   8   0   3   5  17   2   0   0   1  0.23 0.15
  349 H    -4  -1   0  -3  -5  -1  -2  -4  10  -5  -4  -2  -4  -1  -4  -1  -4  -4   0  -4    1   2   3   1   0   2   2   1  72   1   2   2   0   3   1   4   1   0   2   1  2.18 0.62
  350 T     0   2  -1   0  -1   0   1  -1  -2  -4  -4   1  -3  -5   6   0  -2  -5  -4  -3    7  11   2   5   1   3   8   5   1   0   1   7   1   0  39   7   2   0   0   1  0.77 0.31
  351 A     3   0   0  -2  -3   0  -2  -2  -1  -4  -4   2  -1  -4  -3   4   0  -4  -3  -2   32   4   5   1   0   3   0   2   1   0   1  13   1   0   0  30   3   0   0   3  0.53 0.31
  352 V    -1  -4  -4  -5   3  -4  -4  -5  -5   4   0  -4   0  -3  -4  -2   3  -5  -4   5    4   0   0   0   7   0   0   0   0  21   6   0   2   0   0   2  17   0   0  40  0.77 0.36
  353 G     0   2  -2   2  -1  -2  -2   5  -3  -3  -4   1  -4  -4  -3  -1  -3  -4  -4  -2    8  11   0  13   1   0   1  45   0   1   1  10   0   0   0   4   0   0   0   3  0.69 0.30
  354 G     3  -4  -3  -4   6  -3  -4   3  -4  -3   0  -3  -1  -4  -3  -1  -2   0  -4   0   31   0   0   0  16   0   0  27   0   0  11   0   1   0   0   2   1   1   0   6  0.68 0.32
  355 F    -2  -5  -5  -6  -2  -5  -6  -6  -1  -1  -1  -5   1   8  -6  -4  -3  -3   1   1    3   0   1   0   1   0   0   0   1   2   3   0   3  67   0   1   1   0   3  12  1.63 0.56
  356 L    -3  -5  -6  -6  -2  -5  -5  -6  -6   4   2  -5   2  -1  -5  -5  -3   3  -3   5    1   0   0   0   1   0   0   0   0  26  19   0   4   2   0   0   0   5   0  42  1.04 0.41
  357 S    -2  -4  -1  -4   0  -3  -4  -4   5  -4  -4  -4  -2  -4  -4   3   6  -5  -1  -4    2   0   3   0   2   0   0   0  15   0   1   0   1   1   0  24  50   0   2   0  1.21 0.54
  358 H    -4  -2   0  -5  -7   0  -4  -6  11  -8  -7  -2  -6  -6  -4  -5  -6  -7  -3  -7    1   2   4   0   0   4   0   0  86   0   0   2   0   0   1   0   0   0   0   0  3.19 0.93
  359 C     0  -6  -2  -6   9  -6  -6   5  -6  -6  -5  -5  -5  -6  -2  -1  -4  -6  -6  -5    7   0   2   0  43   0   0  40   0   0   1   0   0   0   3   4   0   0   0   0  1.85 0.63
  360 G    -4  -7  -5  -5  -7  -6  -6   8  -6  -8  -8  -6  -7  -7  -6  -4  -6  -7  -7  -7    0   0   0   0   0   0   0 100   0   0   0   0   0   0   0   0   0   0   0   0  2.72 0.84
  361 W     1  -4  -4  -6  -5  -1  -5  -2   0  -4  -2  -5   0   0  -3   1  -2  10   2  -2   14   1   0   0   0   2   0   3   2   1   4   0   3   4   1  12   2  44   5   3  1.58 0.58
  362 N    -3  -4   7  -3  -6   0  -4   4   1  -3  -5  -4  -5  -6  -4   0  -4  -7  -5  -6    1   0  56   0   0   4   0  27   3   2   1   0   0   0   1   6   0   0   0   0  1.48 0.59
  363 S    -2  -5  -2  -4  -5  -4  -4   1  -5  -6  -6  -4  -5  -6  -5   6   4  -6  -5  -5    2   0   1   0   0   0   0  12   0   0   0   0   0   0   0  64  21   0   0   0  1.42 0.63
  364 V    -2  -4  -4  -5   0  -4  -4  -5  -5   3   0  -4   1   0  -4  -1   5   2  -2   3    3   0   0   0   2   0   0   0   0  17  10   0   3   4   0   3  36   3   1  19  0.67 0.36
  365 M    -1  -3  -1  -1  -3   0  -3  -1   0   1   3  -3   3   0  -4  -1  -1   3   2   0    6   0   2   4   0   5   0   4   2   8  34   0  10   3   0   3   4   4   7   6  0.30 0.21
  366 E     0  -4  -4  -1  -7  -1   7  -6   0  -7  -6  -3  -6  -7  -5  -4   0  -7  -6  -4    7   0   0   1   0   1  81   0   2   0   0   0   0   0   0   0   7   0   0   1  1.86 0.72
  367 A     4  -4  -3  -4   0  -4  -4   2  -4  -5  -5  -3  -4  -3  -4   4   0  -6  -5  -4   41   0   0   0   2   0   0  16   0   0   0   1   0   1   0  35   5   0   0   0  1.00 0.49
  368 A    -1  -5  -5  -6  -4  -5  -5  -6  -5   4   4  -5   2  -1  -5  -4  -1  -5  -4   3    5   0   0   0   0   0   0   0   0  26  40   0   4   2   0   0   4   0   0  20  0.87 0.37
  369 R     1   1  -1  -2   4  -1  -1  -2   2  -1  -2  -1  -1  -2  -3   1   0   4   2   1   14   9   2   1   9   2   2   2   7   2   3   2   2   1   0  13   5   7   7  12  0.23 0.19
  370 R     3  -2   2  -3   0  -2   0  -1   5  -4  -1  -2  -2   2  -4   1  -2  -2   1  -3   24   1  10   0   2   0   8   4  14   0   5   1   0  11   0  12   1   0   4   0  0.37 0.27
  371 G    -1  -1  -2   0  -6  -5  -3   7  -5  -5  -6  -3  -6  -7  -5  -2  -5  -6  -6  -6    5   3   1   5   0   0   2  80   0   1   1   1   0   0   0   3   0   0   0   0  1.76 0.61
  372 V    -2  -4  -6  -6   3  -4  -5  -6  -2   2   0  -1   0  -4  -5  -4   0  -6  -4   6    1   1   0   0   7   1   0   0   1   9   6   4   2   0   0   0   4   0   0  64  1.17 0.49
  373 P    -4  -2  -6  -6  -4   1  -5  -6  -6  -7  -5  -5  -3  -8   8  -4  -5  -8  -7  -3    1   2   0   0   0   5   0   0   0   0   1   0   1   0  87   0   0   0   0   2  2.73 0.87
  374 I    -3  -4  -5  -6  -1   2  -4  -6  -5   2   2  -4   8  -3  -4  -4   1  -5  -4   2    1   0   0   0   1  10   0   0   0  11  14   0  39   1   1   0   8   0   0  16  1.09 0.49
  375 L     0  -5  -6  -6  -4  -5  -5  -6  -6   5   2  -5   0  -2  -5  -4  -2  -5  -4   5    6   0   0   0   0   0   0   0   0  35  19   0   2   1   0   0   1   0   0  36  1.05 0.43
  376 A     2  -4  -3  -4   5  -4  -4   2  -4   1   0  -4   2  -1  -3  -1   1  -4  -3   0   18   0   0   0  16   0   0  16   0  10  10   0   6   3   0   3  11   0   0   6  0.44 0.26
  377 W    -2   0  -5  -5  -1  -3  -5  -4  -3   2   2  -1   3   2  -5  -3  -2   8   1   2    2   7   0   0   1   1   0   1   1  10  17   4   8   8   0   1   2  23   3  13  0.78 0.34
  378 P    -1  -6  -6  -4  -7  -5  -5  -2  -6  -7  -7  -5  -7  -8   8  -3  -5  -1  -7  -5    5   0   0   1   0   0   0   4   0   0   0   0   0   0  87   2   0   1   0   1  2.73 0.86
  379 Q    -2  -2  -3  -2   0   2  -2  -3   0   0   2  -2   4   4  -4  -2  -3   0   0   0    2   2   1   3   2  12   2   2   3   4  24   1  13  19   0   2   0   1   2   7  0.38 0.25
  380 H    -2  -2  -2  -3  -4  -1  -3  -2   3  -1   0  -3   3   5  -2  -1  -1   5   2  -1    3   1   2   1   0   2   1   4   7   2   8   1   7  32   2   4   3   8   7   3  0.56 0.29
  381 G     3  -4  -2  -4  -2  -3  -2   4  -4  -3  -2  -3  -2   0  -2   0  -1   4   0  -2   27   0   1   0   1   0   2  36   0   1   3   1   1   5   1   7   4   6   3   2  0.62 0.33
  382 D    -5  -3  -3   8  -8  -1   4  -5  -5  -7  -7  -4  -7  -7  -5  -4  -5  -8  -7  -7    0   1   0  75   0   2  22   0   0   0   0   0   0   0   0   0   0   0   0   0  2.18 0.74
  383 Q    -3  -2  -3  -3  -3   8  -1  -4   1  -7  -5  -1  -5  -7  -4  -4  -1  -6  -5  -6    2   1   1   1   1  82   2   1   3   0   1   3   0   0   1   0   3   0   0   0  2.19 0.82
  384 R    -2   0  -2  -4  -1   0  -2  -1   3   0  -2   1   1   4   4  -3  -2  -2   1  -1    2   5   1   0   1   5   2   4   8   5   3   9   5  18  21   0   2   0   4   5  0.38 0.24
  385 E    -1  -1  -1   1   0  -2   0  -2   0   0   2  -3   2   2  -4  -2   1   0   1   1    3   3   2  10   2   0   6   3   2   5  22   0   6  10   0   1  10   1   6   8  0.15 0.15
  386 N    -5  -1   8   0  -6  -4  -4  -4  -1  -3  -5  -2  -5   0  -6  -2  -2   2   1  -1    0   3  69   3   0   0   0   0   1   1   1   2   0   4   0   1   2   3   4   6  1.57 0.62
  387 A     5  -3  -4  -4   2  -3  -1   0  -4  -1  -3  -3   1  -5  -4   0   0  -5  -5  -1   60   1   0   0   3   1   4   6   0   4   2   0   3   0   0   7   6   0   0   2  0.83 0.43
  388 W     0   4   0  -2  -4   1   0  -2   1  -2  -2   3  -2   0  -3  -1  -1  -1  -1  -1    9  27   4   2   0   4   5   3   3   3   4  19   0   4   0   4   3   1   2   4  0.31 0.21
  389 V    -1   3  -3  -4  -3   0  -3  -4   1   0   2  -1   3   1  -4  -2  -3  -3   2   0    5  22   0   0   0   3   0   0   4   3  24   2  10   7   0   3   0   0   8   8  0.40 0.26
  390 V    -1  -5  -5  -6   1  -3  -5  -4  -5   3   2  -5   4   0  -5  -4  -2  -2  -1   5    5   0   0   0   3   1   0   1   0  13  17   0  12   4   0   0   2   0   2  40  0.75 0.35
  391 E     0  -1  -2   2   0   1   5  -3   0  -4  -3   1  -4  -3  -4   0   0  -1  -3   0    8   2   0  10   2   6  39   1   2   0   1   8   0   1   0   6   5   1   1   7  0.52 0.31
  392 K     0   1  -2   2  -4   0   4  -2   0  -3  -4   2  -2  -2  -3  -1  -1   0  -1   0   10   7   0  13   0   4  30   2   2   0   0  12   1   1   0   2   4   1   2  10  0.41 0.27
  393 A     0   0  -1  -4  -3  -2  -2  -4  -2   1   2   1   1   1  -4  -2  -2   6   1   1    7   5   3   0   0   1   1   0   1   7  24  13   2   6   0   2   1  11   4  11  0.33 0.21
  394 G    -3  -1  -1  -2  -4  -1  -2   6  -2  -6  -6   2  -5  -6  -5  -2  -4   2  -5  -6    1   3   2   2   0   3   2  63   1   0   0  16   0   0   0   2   0   3   0   0  1.26 0.49
  395 L     2  -4  -3  -5   0  -3  -3  -4  -4   2   1  -2   1  -2  -4  -2  -1   2   0   4   22   0   1   0   2   0   1   0   0  14  12   2   4   1   0   2   2   3   3  32  0.51 0.29
  396 G     3  -2  -2  -4  -5  -3   0   6  -5  -3  -5  -3  -5  -6  -4  -1  -2  -6  -5  -4   21   3   1   0   0   1   5  61   0   1   0   1   0   0   0   3   2   0   0   1  1.20 0.48
  397 V    -1  -2  -4  -3  -3  -3  -3  -2  -1   3   1  -3   1  -1  -2  -3  -2  -4  -1   5    4   2   0   1   0   0   2   3   1  18  11   1   3   2   2   1   2   0   1  45  0.59 0.28
  398 W    -1   3  -1  -1  -1   0   1   0   0  -1  -1   0  -1  -1  -1  -1   0   4   1   0    5  21   3   2   2   2  12   6   2   3   7   4   1   3   3   4   5   6   5   7  0.15 0.13
  399 E     0   0  -2  -1  -2  -1   0   0  -2   1   2   0   2  -2   0   0  -1  -3  -3   1    6   7   1   2   1   1   8   7   0   7  25   4   5   1   5   6   2   0   0  11  0.10 0.12
  400 R    -1   2   1   0   0   0   1   0   0  -1   0   2  -1  -3   0  -1  -1  -4  -3   0    2  14   9   3   2   2  11   9   2   4   8  15   1   0   5   4   1   0   0   6  0.14 0.13
  401 E    -1   1   0   3  -4   0   3  -2   0  -3  -2   2  -1  -3   0  -1   0  -4  -2   0    4   8   5  15   0   3  23   3   2   1   4  11   1   1   4   2   4   0   1   7  0.28 0.19
  402 W    -1  -2   0   2  -3  -1   2   0   1  -1   0  -1  -1   1  -1   0   0   4  -1   0    4   1   4  12   0   1  16   6   3   4  13   4   1   6   3   5   6   6   1   6  0.12 0.13
  403 A     0   1   1   1  -2   0   2   2  -2  -3  -2   1  -2  -3  -1   0   0  -2  -1  -2    7  10   6   7   1   3  17  15   0   1   3   9   0   0   3   5   6   1   2   3  0.20 0.15
  404 S    -1   2   0   1  -1   0   1   0  -2   0  -1   0  -2  -2   0   0   1   3  -2   0    3  12   4   8   1   3  10   7   0   6   7   6   0   2   4   6  10   5   0   7  0.09 0.10
  405 G     0  -3  -1  -1  -3  -2  -1   2  -2   1   0  -1   3   1  -3  -1   0  -3  -1   1    5   0   3   4   0   1   4  20   1   8   9   3  10   7   0   4   6   0   2  11  0.15 0.14
  406 I    -1  -3  -1   0  -3  -1   0  -1  -2  -1  -1  -1  -1   0  -1   2   3  -4  -2   2    3   1   2   6   0   2   7   3   0   3   5   2   1   5   2  15  25   0   0  16  0.26 0.22
  407 Q     1   3  -2  -2  -3   1   1  -2  -2  -1  -2   2  -2  -2   0   1  -1  -4  -2   1   10  16   0   1   0   5  11   3   0   4   2  14   0   1   5  13   2   0   1  12  0.22 0.19
  408 A     1   0  -1   2  -3   1   4   0  -1  -4  -4   0  -2  -5  -2   0  -1  -3  -4  -2   12   5   2  12   0   4  36   8   1   0   1   4   1   0   1   6   2   0   0   3  0.51 0.32
  409 A     0   0   0   3  -2   1   3   0  -3  -3  -1   0  -2  -3  -3   1  -1  -4  -3  -2    8   4   3  16   1   5  22   6   0   1   5   5   1   1   0  13   3   0   0   3  0.30 0.22
  410 I    -1  -4  -5  -4  -2  -4  -2  -5  -5   4   3  -3   0   0  -5  -2  -3  -5  -4   4    5   1   0   1   1   0   3   0   0  21  32   1   2   4   0   2   1   0   0  26  0.69 0.36
  411 V     1   1  -3  -2  -1  -1   2  -1  -3   1   0   0  -1  -1  -3   1   0  -4  -2   1   15   7   0   0   1   1  15   3   0   8  11   7   1   3   0   9   5   0   1  12  0.13 0.16
  412 E     0   4   2   1  -5   0   2  -2  -1  -4  -3   3  -4  -4  -4  -1  -1  -5  -4  -3    8  23  12   9   0   2  16   3   1   0   2  16   0   0   0   4   3   0   0   1  0.51 0.31
  413 K     4   2  -2  -3   3  -2  -1  -2  -1  -2  -1   1  -1  -5  -4   0   0  -3  -4  -2   40  12   1   1   8   1   4   2   2   1   6   8   2   0   0   6   4   0   0   2  0.49 0.34
  414 V    -2  -6  -6  -7  -2  -6  -6  -7  -6   4   4  -6   2  -2  -6  -5  -4  -6  -4   4    3   0   0   0   1   0   0   0   0  27  33   0   5   1   0   0   0   0   0  31  1.14 0.51
  415 K    -2   4   0   0  -5   0   1  -3  -2  -2   0   3   3  -3  -4  -2  -1   1  -4  -1    2  21   4   5   0   3   9   2   0   2   8  24   8   1   0   2   2   2   0   4  0.42 0.29
  416 M     0   1  -2   1  -1   1   3  -2  -3  -2  -1   0   0  -3  -2   1   1  -4  -3   0    8   8   1   7   2   6  26   1   0   1   6   4   2   1   1   9   8   0   0   8  0.27 0.23
  417 I     0  -4  -4   0  -4  -2   0  -3  -3   2   2  -4   1  -1  -5  -2  -1  -5  -4   4    6   0   0   5   0   2   6   2   0   9  20   0   4   2   0   3   4   0   0  38  0.50 0.32
  418 M    -3  -4  -5  -1  -5  -3   2  -6  -5   2   2  -2   7  -2  -4  -3   1  -5  -3   0    1   1   0   4   0   1  13   0   0  13  18   2  32   1   0   1   8   0   1   4  0.82 0.46
  419 G     0  -1   2   2  -3  -1   4   0   1  -4  -4   1  -3  -5  -3   1   0  -5  -4  -1    6   3  12  13   0   1  26   8   3   0   1   7   1   0   1  10   4   0   0   4  0.41 0.28
  420 N    -2  -3   4   4  -6  -2   1   5  -3  -6  -4  -2  -3  -4  -5  -1  -2  -6  -4  -6    2   1  17  22   0   1   9  38   0   0   2   2   1   1   0   3   1   0   0   0  0.91 0.45
  421 N    -1   0   0   1  -4   0   4  -2  -3  -5  -5   3  -1  -4   4   0  -2  -6  -5  -3    4   4   3   6   0   2  26   2   0   0   0  20   1   1  19   8   1   0   0   1  0.64 0.38
  422 D     0   1  -2   1  -5   0   4  -3  -2  -2  -3   2  -2  -3  -2   2  -1  -5  -3  -3    8   7   1   8   0   4  31   1   0   2   2  12   1   1   1  15   4   0   1   1  0.46 0.32
  423 L    -3  -1  -4  -6  -3  -4  -4  -4  -1   3   1  -3   5   1  -5  -4  -3  -3   5   2    1   4   1   0   0   0   1   1   1  15  13   1  18   5   0   1   0   0  24  14  0.81 0.43
  424 R    -1   6  -3  -2  -6  -1  -2  -4  -1  -1  -4   4  -5  -6  -3  -2  -2  -6  -5  -4    5  52   0   2   0   1   2   1   2   4   1  24   0   0   1   2   3   0   0   1  1.25 0.58
  425 K     0   2   0   0  -3   2   4  -3  -2  -3  -3   3  -2  -4  -4   0  -1  -5  -4  -2    7  11   5   4   0  10  25   1   0   1   2  21   1   0   0   5   2   0   0   3  0.49 0.32
  426 S    -1   5   5  -3  -6  -1  -2  -2  -1  -5  -5   4  -3  -6  -5  -1  -3  -3  -5  -6    6  30  30   0   0   2   1   3   1   1   0  22   0   0   0   4   0   0   0   0  1.08 0.54
  427 A     5  -5  -3  -5  -1  -4  -5  -4   1   2  -1  -4   2  -4  -5  -1  -2  -6  -4   3   48   0   1   0   1   0   0   0   4  11   4   0   6   0   0   3   2   0   0  20  0.86 0.49
  428 M     0   2  -1  -1  -2   0   1  -2   0  -2  -1   4   4  -3  -4  -2  -1  -5  -4  -1    7  12   2   3   1   2   8   4   2   2   7  30  13   1   0   2   2   0   0   4  0.42 0.31
  429 K    -1   3  -2   0  -6  -1   4  -4  -1  -2  -2   4  -3  -5  -4  -1  -3  -2  -5  -1    4  17   1   4   0   1  29   1   1   2   3  26   1   0   0   3   1   1   0   5  0.66 0.40
  430 V    -4  -5  -4  -7  -5  -5  -6  -7  -6   2   5  -5   5  -1  -6  -3  -4   6   0   1    1   0   1   0   0   0   0   0   0  11  50   0  12   1   0   2   0  11   2   7  1.16 0.53
  431 G     1   3  -2  -2  -4   0  -2   1   0  -5  -5   5   0  -6  -4   2  -3  -6  -5  -4   10  15   1   1   0   4   1  11   2   0   0  33   2   0   0  19   0   0   0   1  0.70 0.43
  432 E    -1   1   0   2  -5   1   5  -3   0  -3  -3   1   0  -5  -4   0  -1  -5  -4  -3    5   8   3  10   0   6  36   2   2   2   3  10   2   0   0   6   3   0   0   2  0.54 0.34
  433 E     0   0  -1  -2  -4   0   1  -3  -2   0   2   3   3  -3  -4   0  -1  -3  -3   0    9   5   2   1   0   3  12   1   1   6  20  19  10   0   0   5   4   0   0   4  0.23 0.22
  434 A     4  -4  -4  -4   0  -3  -4  -2   3   1   1  -4   1  -2  -4   0  -2  -1  -2   1   42   0   0   0   1   0   0   2   8  10  14   0   4   1   0   5   1   1   1   9  0.55 0.36
  435 K     0   4   0  -1  -3   1   2  -2   3  -4  -2   3   0  -3  -3  -1  -2  -4  -2  -2    8  22   3   2   0   4  13   2   8   0   4  21   2   1   0   2   2   0   1   3  0.43 0.27
  436 R     1   2   1   0  -2   0   2  -2  -2  -2  -2   3  -1  -3  -3  -1  -2  -4  -3  -1   16  10   5   5   1   3  18   3   1   2   3  23   1   1   0   3   1   0   0   5  0.32 0.22
  437 A     5  -3  -3  -3   1  -3  -2  -1  -3  -3  -4  -3  -3  -4   1   2   0  -4  -4  -2   58   1   1   1   3   1   1   3   0   1   1   1   0   0   6  15   4   0   0   2  0.87 0.42
  438 C     0  -3  -3  -4   0  -3  -3  -1  -3   1   2  -2   3   0  -2  -2   0   0  -2   4    6   1   1   1   2   1   1   4   0   7  17   2  10   3   2   1   6   1   0  34  0.40 0.23
  439 D     1   0  -1   0  -2   0   2   1  -2  -2  -2   1   1  -3   0   2   0  -3  -2  -1   13   4   2   5   1   3  14   9   0   1   3  11   5   0   3  15   4   0   1   5  0.16 0.13
  440 V    -1  -2  -1   3  -2   0   4  -2  -1  -2  -2   1  -1  -4   2   0  -1  -4  -3  -1    4   1   2  16   1   3  32   2   1   2   3   7   1   0  11   5   3   0   1   5  0.45 0.25
  441 G    -2  -2   1   1  -2  -2  -1   5  -2  -4  -4   1  -4  -4  -2  -1  -1  -4  -3  -3    2   1   7   9   1   1   4  51   1   1   1   9   0   0   1   4   3   0   1   1  0.77 0.33
  442 G    -2  -4  -3  -2  -2  -4  -3   7  -4  -5  -4  -4  -4  -5  -4  -3  -2  -4  -5  -5    2   1   1   2   1   1   1  84   0   1   2   1   0   0   1   1   2   0   0   1  1.83 0.58
  443 S    -2  -3  -1  -2  -4  -1  -1  -1  -3  -3  -3  -3  -4  -3  -1   6   0  -4  -1  -2    1   1   2   1   0   2   3   5   0   2   3   1   0   1   2  66   4   0   2   3  0.97 0.48
  444 S     0  -4  -3  -3   0  -3  -4  -4  -4  -5  -4  -4  -5  -5  -3   7  -1  -6  -5  -1    4   0   0   1   2   1   0   0   0   0   1   0   0   0   1  81   2   0   0   5  1.59 0.69
  445 A     0   1  -2   2  -1   0   1  -3   3  -2  -1  -1  -2   1  -2   0   0   0   4  -1    7   7   1  12   1   3   7   0  10   1   5   3   0   6   2   7   6   1  16   5  0.23 0.18
  446 T     0   1   3  -1  -2   1   1  -1  -2  -2  -1   3   0  -3  -3   0   1  -4  -3  -1    6   8  15   2   1   5   9   5   0   2   5  20   3   1   0   6   9   0   0   4  0.23 0.18
  447 A     1  -3   5   2  -2  -3  -1  -1  -1  -2  -5  -3  -4  -4  -4   3  -1  -1   2  -4   13   0  35  10   1   0   2   3   1   2   0   0   0   0   0  21   3   1   7   0  0.71 0.40
  448 L    -2  -5  -6  -6  -4  -5  -5  -6  -5   3   4  -5   1   3  -5  -4  -2  -4  -3   2    3   0   0   0   0   0   0   0   0  14  49   0   2  14   0   0   2   0   0  14  0.91 0.40
  449 M    -1  -1   2   4  -1   1   2  -1  -2  -2  -3   2  -2  -4  -3  -1   1  -5  -4  -1    5   1   8  23   1   5  16   4   0   2   1  15   1   0   0   3   7   0   0   4  0.38 0.24
  450 N     0   1   1   2  -4   0   2  -1   0  -2  -2   2  -1  -3  -1   0   1  -4  -3  -3   10   8   8  10   0   2  18   3   2   3   2  15   2   1   1   7   7   0   0   1  0.24 0.18
  451 I    -3  -5  -6  -7  -5  -3  -6  -6  -5   2   4  -6   0   6  -6  -5  -4  -3  -2  -1    2   0   0   0   0   1   0   0   0   9  42   0   2  40   0   0   0   0   0   4  1.28 0.51
  452 I    -2  -5  -6  -6  -4  -5  -3  -5  -6   5   2  -5   0   0  -5  -4  -2  -5  -4   5    3   0   0   0   0   0   2   0   0  33  17   0   2   3   0   1   1   0   0  39  0.97 0.42
  453 G    -1  -2   1   4  -5   3   4  -1   1  -5  -4   1  -4  -5  -4   0  -2  -5  -3  -4    5   1   7  22   0  14  25   4   4   0   1   9   0   0   0   7   0   0   0   0  0.62 0.33
  454 S     0  -1   0   2  -4   1   3  -3   2  -1  -2   1  -1   0  -3   0  -2  -1   2  -2    7   1   3  13   0   5  22   1   7   3   4  10   1   4   0   9   1   1   7   2  0.26 0.20
  455 L    -2  -5  -6  -6   1  -5  -5  -6  -5   5   3  -5   1  -1  -5  -4  -2   4  -3   3    2   0   0   0   3   0   0   0   0  34  25   0   3   1   0   0   1   6   0  24  0.90 0.37
  456 K     0   2  -2  -3   1   2   0  -3  -2  -2  -2   3   2  -3  -3  -1   3  -4   1  -2    6  11   1   0   3   9   4   1   0   2   1  24   8   0   0   3  21   0   5   2  0.36 0.24
  457 R    -3   5  -2  -3  -5   3  -1  -4  -2  -5  -4   5  -3  -5  -3  -2  -3  -5  -4  -4    0  40   0   0   0  15   0   0   0   0   0  44   0   0   0   0   0   0   0   0  1.21 0.37

                      K         Lambda
Standard Ungapped    0.1338     0.3179
Standard Gapped      0.0439     0.2670
PSI Ungapped         0.1433     0.3177
PSI Gapped           0.0439     0.2670
