
Last position-specific scoring matrix computed, weighted observed percentages rounded down, information per position, and relative weight of gapless real matches to pseudocounts
            A   R   N   D   C   Q   E   G   H   I   L   K   M   F   P   S   T   W   Y   V   A   R   N   D   C   Q   E   G   H   I   L   K   M   F   P   S   T   W   Y   V
    1 M    -1  -1  -2  -3  -1   0  -2  -3  -2   1   2  -1   5   0  -2  -1  -1  -1  -1   1    0   0   0   0   0   0   0   0   0   0   0   0   0   0   0   0   0   0   0   0  0.00     0.00
    2 T     0  -1   0  -1  -1  -1  -1  -2  -2  -1  -1  -1  -1  -2  -1   1   4  -2  -2   0    0   0   0   0   0   0   0   0   0   0   0   0   0   0   0   0   0   0   0   0  0.00     0.00
    3 R    -1   5   0  -2  -3   1   0  -2   0  -3  -2   2  -1  -3  -2  -1  -1  -3  -2  -2    0   0   0   0   0   0   0   0   0   0   0   0   0   0   0   0   0   0   0   0  0.00     0.00
    4 V     0  -2  -3  -3  -1  -2  -2  -3  -3   2   1  -2   1  -1  -2  -2   0  -3  -1   4    0   0   0   0   0   0   0   0   0   0   0   0   0   0   0   0   0   0   0   0  0.00     0.00
    5 E    -1   0   0   1  -4   2   5  -2   0  -3  -3   1  -2  -3  -1   0  -1  -3  -2  -2    0   0   0   0   0   0   0   0   0   0   0   0   0   0   0   0   0   0   0   0  0.00     0.00
    6 R    -1   5   0  -2  -3   1   0  -2   0  -3  -2   2  -1  -3  -2  -1  -1  -3  -2  -2    0   0   0   0   0   0   0   0   0   0   0   0   0   0   0   0   0   0   0   0  0.00     0.00
    7 G     0  -2   0  -1  -2  -2  -2   5  -2  -4  -4  -1  -3  -3  -2   0  -2  -2  -3  -3    0   0   0   0   0   0   0   0   0   0   0   0   0   0   0   0   0   0   0   0  0.00     0.00
    8 R    -1   5   0  -2  -3   1   0  -2   0  -3  -2   2  -1  -3  -2  -1  -1  -3  -2  -2    0   0   0   0   0   0   0   0   0   0   0   0   0   0   0   0   0   0   0   0  0.00     0.00
    9 V     0  -2  -3  -3  -1  -2  -2  -3  -3   2   1  -2   1  -1  -2  -2   0  -3  -1   4    0   0   0   0   0   0   0   0   0   0   0   0   0   0   0   0   0   0   0   0  0.00     0.00
   10 L    -1  -2  -3  -4  -1  -2  -3  -4  -3   1   4  -2   2   0  -3  -2  -1  -2  -1   1    0   0   0   0   0   0   0   0   0   0   0   0   0   0   0   0   0   0   0   0  0.00     0.00
   11 A     4  -1  -1  -2   0  -1  -1   0  -2  -1  -1  -1  -1  -2  -1   1   0  -2  -2   0    0   0   0   0   0   0   0   0   0   0   0   0   0   0   0   0   0   0   0   0  0.00     0.00
   12 R    -2   6   0  -2  -4   1   0  -2   0  -3  -2   2  -1  -3  -2  -1  -1  -3  -2  -3    0 100   0   0   0   0   0   0   0   0   0   0   0   0   0   0   0   0   0   0  0.75 0.00
   13 A     4  -2  -2  -2   0  -1  -1   0  -2  -1  -2  -1  -1  -2  -1   1   0  -3  -2   0  100   0   0   0   0   0   0   0   0   0   0   0   0   0   0   0   0   0   0   0  0.41 0.00
   14 I    -1  -3  -3  -3  -1  -3  -3  -4  -3   4   1  -3   1  -1  -3  -2   0  -3  -1   3    0   0   0   0   0   0   0   0   0  50   0   0   0   0   0   0   0   0   0  50  0.35 0.00
   15 E     0   0   0   1  -2   1   4  -1  -1  -3  -3   0  -2  -3  -1   3   0  -3  -2  -2    0   0   0   0   0   0  50   0   0   0   0   0   0   0   0  50   0   0   0   0  0.43 0.00
   16 R     0   4   0  -1  -2   1   0  -1  -1  -3  -2   1  -2  -3  -1   3   0  -3  -2  -2    0  50   0   0   0   0   0   0   0   0   0   0   0   0   0  50   0   0   0   0  0.40 0.00
   17 A     2  -2  -2  -3  -1  -1  -2  -1  -2   0   2  -2   1  -1  -2   0  -1  -2  -1   0   50   0   0   0   0   0   0   0   0   0  50   0   0   0   0   0   0   0   0   0  0.20 0.00
   18 V     0  -3  -3  -4   7  -3  -3  -3  -3   1   0  -3   0  -2  -3  -1   0  -3  -2   2    0   0   0   0  50   0   0   0   0   0   0   0   0   0   0   0   0   0   0  50  0.54 0.00
   19 A     3   4  -1  -2  -2   0  -1  -1  -1  -2  -2   1  -1  -3  -1   0  -1  -3  -2  -1   50  50   0   0   0   0   0   0   0   0   0   0   0   0   0   0   0   0   0   0  0.35 0.00
   20 H     2  -1   0  -2  -2   0  -1  -1   6  -2  -2  -1  -1  -2  -2   0  -1  -3   0  -1   50   0   0   0   0   0   0   0  50   0   0   0   0   0   0   0   0   0   0   0  0.39 0.00
   21 R     0   5   0  -1  -3   1   0  -2   0  -3  -2   2  -2  -3  -2   2   0  -3  -2  -2    0  72   0   0   0   0   0   0   0   0   0   0   0   0   0  28   0   0   0   0  0.51 0.00
   22 A     3  -2  -1  -2  -1  -1  -1   3  -2  -2  -2  -1  -1  -3  -1   1   0  -3  -2  -1   72   0   0   0   0   0   0  28   0   0   0   0   0   0   0   0   0   0   0   0  0.41 0.00
   23 S     1  -1   1   0  -1   0   0   0  -1  -3  -3   0  -2  -3  -1   4   1  -3  -2  -2    0   0   0   0   0   0   0   0   0   0   0   0   0   0   0 100   0   0   0   0  0.46 0.01
   24 A     3  -2  -1  -2  -1  -1  -1   3  -2  -2  -2  -1  -1  -3  -1   1   0  -3  -2  -1   72   0   0   0   0   0   0  28   0   0   0   0   0   0   0   0   0   0   0   0  0.41 0.00
   25 R     0   5   0  -1  -3   1   0  -2   0  -3  -2   2  -2  -3  -2   2   0  -3  -2  -2    0  72   0   0   0   0   0   0   0   0   0   0   0   0   0  28   0   0   0   0  0.51 0.00
   26 R    -1   5   0  -2  -3   1   0  -2  -1  -2  -2   2  -1  -3  -2   0   2  -3  -2  -2    0  72   0   0   0   0   0   0   0   0   0   0   0   0   0   0  28   0   0   0  0.49 0.00
   27 W    -2  -2  -2  -2  -2  -1  -2  -2  -2  -2  -1  -2  -1   1  -2  -2  -2  10   2  -2    2   1   1   2   1   1   2   2   1   1   3   2   1   1   1   2   2  72   1   2  1.43 0.01
   28 T     2  -1   0  -1  -1   0  -1  -1  -1  -1  -1   0  -1  -2  -1   1   3  -2  -1   0   30   1   1   2   1   1   2   2   1   1   3   2   1   1   1   2  45   0   1   2  0.20 0.00
   29 T     0  -1   0  -1  -1  -1  -1  -1  -1  -1  -1  -1  -1  -2   4   1   3  -2  -1  -1    2   1   1   2   1   1   2   2   1   1   3   2   1   1  30   2  45   0   1   2  0.45 0.00
   30 T     2  -1   0  -1  -1   0  -1  -1  -1  -1  -1   0  -1  -2  -1   1   3  -2  -1   0   30   1   1   2   1   1   2   2   1   1   3   2   1   1   1   2  45   0   1   2  0.20 0.00
   31 T     2  -1   0  -1  -1   0  -1  -1  -1  -1  -1   0  -1  -2  -1   1   3  -2  -1   0   30   1   1   2   1   1   2   2   1   1   3   2   1   1   1   2  45   0   1   2  0.20 0.00
   32 R    -1   4  -1  -1  -2   0  -1  -2  -1   0   1   1   0  -1  -1  -1  -1  -1  -1  -1    2  45   1   2   1   1   2   2   1   1  31   2   1   1   1   2   2   0   1   2  0.18 0.00
   33 T     0  -1   0  -1  -1   0  -1  -1  -1  -1  -1   0  -1  -2  -1   1   4  -2  -1   0    2   1   1   2   1   1   2   2   1   1   3   2   1   1   1   2  73   0   1   2  0.28 0.00
   34 P    -1  -2  -2  -2  -3  -1  -1  -2  -2  -3  -3  -1  -3  -4   8  -1  -1  -4  -3  -3    0   0   0   0   0   0   0   0   0   0   0   0   0   0 100   0   0   0   0   0  2.05 0.01
   35 A     4  -1  -1  -1  -1  -1  -1   0  -1  -2  -2  -1  -1  -2  -1   2   0  -3  -2  -1   72   0   0   0   0   0   0   0   0   0   0   0   0   0   0  28   0   0   0   0  0.36 0.00
   36 W    -3  -3  -4  -5  -2  -2  -3  -3  -3  -3  -2  -3  -2   1  -4  -3  -3  11   2  -3    0   0   0   0   0   0   0   0   0   0   0   0   0   0   0   0   0 100   0   0  2.34 0.01
   37 M     2  -2  -2  -2  -1  -1  -1  -2  -2   0   0  -1   4  -1   4   0  -1  -2  -2   0   28   0   0   0   0   0   0   0   0   0   0   0  44   0  28   0   0   0   0   0  0.39 0.00
   38 V     0  -2  -2  -2  -1  -1  -1  -2  -2   1   0  -1   0  -1   4  -1   0  -2  -1   2    2   1   1   2   1   1   2   2   1   1   3   2   1   1  30   2   2   0   1  45  0.35 0.00
   39 T     2  -1   0  -1  -1   0  -1  -1  -1  -1  -1   0  -1  -2  -1   1   3  -2  -1   0   30   1   1   2   1   1   2   2   1   1   3   2   1   1   1   2  45   0   1   2  0.20 0.00
   40 G     0  -1   0   0  -1  -1  -1   4  -1  -1  -1  -1  -1  -1   0   0  -1  -1  -1  -1    4   3   3   3   1   2   4  48   1   3   5   3   1   2   3   4   3   1   2   4  0.27 0.00
   41 W    -1  -1  -1  -1  -1  -1  -1  -1  -1  -1  -1  -1  -1   0  -1  -1  -1   9   1  -1    4   3   3   3   1   2   4   4   1   3   5   3   1   2   3   4   3  44   2   4  0.69 0.00
   42 M     0  -1  -1  -1  -1   0  -1  -1  -1   0   1   0   4   0   0   0   0  -1   0   0    4   3   3   3   1   2   4   4   1   3   5   3  45   2   3   4   3   1   2   4  0.06 0.00
   43 G     0  -1   0   0  -1  -1  -1   4  -1  -1  -1  -1  -1  -1   0   0  -1  -1  -1  -1    4   3   3   3   1   2   4  48   1   3   5   3   1   2   3   4   3   1   2   4  0.27 0.00
   44 G     0  -1   0   0  -1  -1  -1   4  -1  -1  -1  -1  -1  -1   0   0  -1  -1  -1  -1    4   3   3   3   1   2   4  48   1   3   5   3   1   2   3   4   3   1   2   4  0.27 0.00
   45 R    -1   5   0  -1  -2   1   0  -1   0  -2  -1   2  -1  -2  -1   0  -1  -1  -1  -2    3  65   2   2   1   2   2   3   1   2   3   2   1   1   2   3   2   0   1   2  0.36 0.01
   46 G     3  -1  -1  -1  -1  -1  -1   3  -2  -2  -2  -1  -1  -2  -1   1   0  -2  -2  -1   62   1   1   1   0   1   1  27   0   1   1   1   0   1   1   1   1   0   0   1  0.34 0.01
   47 V    -1  -2  -1   3  -2  -1   0  -2  -2   2   1  -2   0  -1  -2  -1  -1  -2  -2   2    1   1   1  30   0   1   1   1   0  18  15   1   0   1   1   1   1   0   0  27  0.15 0.01
   48 D     0  -1   1   3  -2   2   1  -1  -1  -2  -2   0  -1  -2  -1   2   1  -2  -2  -2    1   1   1  27   0  18   1   1   0   1   1   1   0   1   1  31  14   0   0   1  0.28 0.01
   49 R     0   4  -1  -2  -2   0   0  -2  -1  -1  -1   2  -1  -2  -2  -1  -1  -3  -2   1   10  43   0   0   0   0   1   1   0   0   1  20   0   0   0   1   1   0   0  20  0.27 0.02
   50 S     2  -1   0  -1  -1  -1  -1   0  -1  -2  -2  -1  -1  -2   2   3   1  -3  -2  -1   29   0   0   0   0   0   0   1   0   0   1   0   0   0   8  47  10   0   0   1  0.33 0.03
   51 T     1  -1   0  -1  -1  -1  -1  -1  -2  -1   1  -1   0  -2  -1   3   3  -2  -2   0   10   0   0   0   0   0   0   1   0   0  19   0   0   0   0  38  27   0   0   1  0.21 0.02
   52 A     2  -1  -1  -1  -1  -1  -1  -1  -1  -1   0  -1   1  -2  -1   3   1  -2  -2  -1   29   0   0   0   0   0   0   1   0   0  10   0  10   0   0  46   0   0   0   1  0.21 0.03
   53 M    -1  -2   0  -2  -1   0  -1  -3  -2   2   1  -1   3  -1  -2  -1  -1  -2  -1   2    1   0  10   0   0   8   0   1   0  19  10   0  19   0   0   1   0   0   0  29  0.14 0.02
   54 T    -1   3  -1  -1  -3   0   1  -3  -1  -1   0   0   0   2  -2  -1   1  -2   0  -1    0  35   0   0   0   0  14   0   0   0  16   0   0  18   0   0  18   0   0   0  0.19 0.03
   55 R    -1   3  -1  -2   2   1  -1  -2  -1  -1   0   0  -1   2  -2   1   0  -2   0  -1    0  26   0   0   8  14   0   0   0   0   8   0   0  18   0  18   8   0   0   0  0.16 0.02
   56 F    -1  -1  -2  -2  -2   2  -1  -3  -1  -1  -1  -1  -1   5   1  -1   2  -1   1  -1    0   0   0   0   0  21   0   0   0   0   0   0   0  50   6   0  23   0   0   0  0.33 0.05
   57 E     0   1   0   2  -2   1   2  -2  -1  -1   1   0   0  -2  -2   1  -1  -3  -2  -1    8  12   0  18   0   7  17   0   0   0  24   0   0   0   0  14   0   0   0   0  0.16 0.02
   58 R    -1   6  -1  -2  -3   2   0  -2  -1  -3  -2   2  -2  -3  -2   0   0  -3  -2  -3    0  79   0   0   0   7   0   0   0   0   0   0   0   0   0   7   7   0   0   0  0.68 0.06
   59 C     0  -2   2  -1   5  -1  -1   0   3  -2  -2  -1  -2  -3  -2   2   2  -3  -1  -2    0   0  13   0  24   0   0   6  12   0   0   0   0   0   0  32  14   0   0   0  0.35 0.05
   60 G    -1   0  -2  -3  -3  -2  -2   2   0  -1  -1  -2   0   4  -3   0  -1   0   5  -2    0   6   0   0   0   0   0  20   0   0   0   0   5  29   0  10   0   0  30   0  0.36 0.05
   61 S     2  -1   0  -1  -1   0   1   0  -1  -2  -1  -1  -1  -3  -1   3   1  -3  -2  -2   14   0   0   0   0   0  13   5   0   0   5   0   0   0   0  56   7   0   0   0  0.33 0.06
   62 T     0  -1   1   1  -2   0   2  -1  -1  -2  -2   0  -2  -3  -1   2   3  -3  -2  -1    5   0   5   7   0   0  17   0   0   0   0   5   0   0   0  29  33   0   0   0  0.32 0.05
   63 A     2  -1   0   0  -2   0   1   1  -1  -2  -2   1  -2  -3  -1   2   1  -3  -2  -1   30   0   0   3   0   0  10  13   0   0   0  12   0   0   0  19  13   0   0   0  0.25 0.04
   64 S     0   1  -1  -2  -2  -1  -1  -2  -1  -1  -2   1  -1   2   3   2   1  -2   0  -2    3  12   0   0   0   0   0   0   0   3   0  12   0  18  15  26  11   0   0   0  0.24 0.05
   65 S    -1   0   0  -1  -2   1   0  -2   0   1   0   1   0  -2   0   1   0  -3  -2   0    0   2   6   0   0  12   4   0   2  23  12  10   0   0   3  24   3   0   0   0  0.09 0.04
   66 K    -1   1  -1  -1  -3   3   0  -2  -1   0  -2   5  -1  -3  -2   0   0  -3  -2  -2    0   0   0   0   0  17   0   0   0   9   0  62   0   0   0   6   6   0   0   0  0.45 0.10
   67 I     0  -2  -1  -3  -2  -2  -2  -3  -3   4   1  -1   0  -1  -3  -2  -1  -3  -2   3   11   0   6   0   0   0   0   0   0  51   0   6   0   0   0   0   0   0   0  26  0.29 0.07
   68 T    -1   0  -1  -1  -2   2   0  -2   0  -1  -1   1  -1  -2   1   1   3  -3  -2   1    0   0   0   0   0  14   2   0   2   0   6  15   0   0   8   7  31   0   0  14  0.19 0.05
   69 A     1  -1  -1   1  -2  -1  -1   0  -2   0   0   1   0  -2  -2   0  -1  -3  -2   1   22   0   0  15   0   0   0   7   0   6  11  12   0   0   0   6   0   0   0  19  0.08 0.03
   70 A     0   2   3  -1  -2   0  -1   0   1  -2  -2   1  -1   1  -2   0  -1  -2  -1   0   11  13  29   0   0   0   0   7   3   0   0  15   0  11   0   0   0   0   0  10  0.17 0.05
   71 P     0  -3  -2  -2  -3  -2  -2  -3  -3  -3  -3  -2  -3  -4   8   0   0  -4  -4  -3    5   0   0   0   0   0   0   0   0   0   0   0   0   0  83   4   8   0   0   0  1.81 0.17
   72 M    -1  -2  -3  -3  -1  -2  -2  -3  -3   3   1  -2   2   1  -2  -2   0  -2  -1   3    1   0   0   1   0   0   1   1   0  25   9   1  10   9   1   1   5   0   0  35  0.25 0.05
   73 V     0  -3  -3  -3  -1  -2  -3  -3  -3   3   1  -2   0  -1  -2  -2  -1  -3  -2   4    3   0   0   1   0   0   1   1   0  30   6   1   0   0   1   1   1   0   0  54  0.39 0.08
   74 Y    -1  -1   0   0  -3   1   4  -2   0  -2  -2   0  -2   1   2  -1  -1  -1   3  -2    1   1   3   1   0   1  53   1   0   1   1   1   0   7   9   1   1   0  17   1  0.43 0.08
   75 V    -1  -2  -2  -3  -2  -2  -2   1  -2   2   2  -2   4   1  -2  -2  -1  -2  -1   1    1   0   0   1   0   0   1  18   0  15  13   1  32   5   1   1   1   0   0  10  0.22 0.06
   76 R    -2   1   0   5  -3   1   2  -2  -1  -3  -2   0  -2  -3   1  -1  -1  -3  -3  -3    1  10   0  57   0   4  13   1   0   0   3   1   0   0   5   1   1   0   0   1  0.61 0.09
   77 G    -1  -3  -1  -2  -3  -3  -3   7  -3  -5  -5  -2  -4  -4  -3  -1  -2  -3  -4  -4    0   0   0   0   0   0   0 100   0   0   0   0   0   0   0   0   0   0   0   0  1.46 0.18
   78 E    -2  -2   0   6  -4  -1   2  -2  -2  -2  -3  -1  -3  -4   1   0  -1  -5  -3  -1    0   0   0  67   0   0   9   0   0   0   0   0   0   0   8   7   0   0   0   9  0.77 0.13
   79 E    -1  -1  -1   0  -4   1   5   3  -1  -4  -4   0  -3  -4  -2  -1  -2  -4  -3  -3    0   0   0   0   0   0  76  24   0   0   0   0   0   0   0   0   0   0   0   0  0.84 0.16
   80 M    -1  -2  -3  -3  -2   1  -2  -3  -2   3   1  -2   5  -1  -3   0  -1  -3  -2   2    0   0   0   0   0   9   0   0   0  21   0   0  42   0   0   7   0   0   0  20  0.38 0.12
   81 T    -1  -2  -1  -2  -2  -2  -2   3  -3  -1  -2  -2  -2  -3  -2   0   5  -3  -3   0    0   0   0   0   0   0   0  24   0   0   0   0   0   0   0   0  69   0   0   7  0.59 0.14
   82 A     1   4  -1  -2  -3   2   0  -2   1  -3  -3   2  -2  -3   2  -1  -1  -3  -2  -2   18  43   0   0   0  14   0   0   5   0   0   7   0   0  13   0   0   0   0   0  0.50 0.10
   83 Y     0   0  -2   1  -2  -1   2  -3  -1   2  -1  -1  -1  -1  -2  -1  -1  -2   1   2    8   7   0  11   0   0  22   0   0  25   0   0   0   0   0   0   0   0   9  18  0.14 0.06
   84 V     0  -3  -4  -4  -2  -3  -3  -4  -4   5   1  -3   3  -1  -3  -2  -1  -3  -2   3    9   0   0   0   0   0   0   0   0  65   0   0  10   0   0   0   0   0   0  16  0.50 0.12
   85 M     0  -3  -4  -4  -3  -3  -3  -3  -3  -2   1  -3   2   2  -4  -3  -2  10   1  -2   13   0   0   0   0   0   0   0   0   0  17   0   9   7   0   0   0  54   0   0  1.39 0.17
   86 D    -1   0   0   2  -3   2   3  -2   0  -3  -1   3  -1  -3  -2   0  -1  -3  -2  -2    0   0   0  13   0  11  21   0   2   0   8  36   0   0   0   9   0   0   0   0  0.36 0.08
   87 L     1  -2  -2  -2  -1  -1  -1  -2  -2   2   1  -1   1   1  -2   1   0   1   0   1   13   0   0   0   0   0   2   0   0  16  22   4   2   9   0  20   0   2   2   9  0.10 0.04
   88 I    -2  -3  -4  -4  -2  -3  -4  -4  -4   5   2  -3   1  -1  -3  -3  -1  -3  -2   3    0   0   0   0   0   0   0   0   0  65   9   0   0   0   0   0   0   0   0  26  0.60 0.12
   89 R    -2   4   1  -1  -4   0   0  -2  -1  -3  -3   4  -2   1  -2  -1  -1  -3  -1  -3    0  31   8   0   0   0   2   0   0   0   0  48   0  11   0   0   0   0   0   0  0.53 0.11
   90 S     0   0   0   3  -3   2   2  -2  -1  -3  -3   2  -2  -3  -2   1   1  -4  -3  -2    7   0   0  28   0   8  20   0   0   0   0  18   0   0   0  11   8   0   0   0  0.40 0.07
   91 R     0   2  -1  -1  -2   1   0  -2  -1  -1  -2   4   0  -3   1  -1  -1  -3  -2   0    8  12   0   0   0   2   1   1   0   5   1  48   2   0   8   1   1   0   0   9  0.29 0.07
   92 W     0  -2  -3  -3  -2  -2  -3  -3  -2   1   3  -2   1   2  -3  -2  -1   4   0   1   12   0   0   0   0   0   1   1   0   8  44   1   0  13   0   1   1   9   0   8  0.29 0.06
   93 I    -1  -2  -3  -2  -2  -1   1  -4  -3   4   1  -1   0  -1  -3  -2   1  -3  -2   2    0   0   0   0   0   0  15   0   0  53   9   4   0   0   0   0   9   0   0  10  0.28 0.09
   94 E     0  -1  -2  -2  -2  -1   1  -3  -2   0   2   0   0   1  -2  -1   0   4   0   1   10   0   0   0   0   0  14   0   0   0  32   8   0  10   0   0   6   7   0  13  0.14 0.05
   95 P     1  -2  -2  -2  -3  -1   0  -2  -2  -3  -3   0  -3  -4   7  -1   0  -4  -3  -2   18   0   0   0   0   0   7   0   0   0   0   6   0   0  61   0   8   0   0   0  1.19 0.14
   96 R    -2   1  -1   1  -3  -1   0  -1   2  -2  -2  -1  -2   2  -3  -1   0   0   5  -1    0   9   0  13   0   0   4   5   5   0   0   0   0  10   0   0   7   0  41   6  0.37 0.09
   97 V    -1  -2   0  -3  -2  -2  -1  -3  -2   1   3  -2   1  -1  -3  -2  -1  -2   1   3    0   0   8   0   0   0   5   0   0   0  36   0   3   0   0   0   0   0   6  43  0.27 0.08
   98 D    -1  -1   0   4  -3   0   2   1  -2  -2  -3   0  -2  -3   2  -1  -1  -4  -3   0    0   0   2  40   0   0  19  13   0   0   0   6   0   0   9   0   0   0   0  11  0.43 0.08
   99 V    -1  -2  -2  -3  -2   0  -2  -3  -3   3   1  -1   0  -1  -2   0   1  -3  -2   3    0   0   0   0   0   6   0   0   0  21  16   5   0   0   0   8   9   0   0  35  0.21 0.06
  100 G    -1   1   0   4  -3   1   1   0  -1  -2  -3   1  -2  -3  -2   0   1  -4  -3  -1    0   8   0  41   0   5   9   9   0   0   0  13   0   0   0   0  11   0   0   6  0.38 0.07
  101 G     0   0  -1  -1  -1   0   1   1   1   0  -1   0  -1  -1   0   0  -1   5   0  -1   10   2   2   2   1   2  12  12   6   8   4  10   1   2   4   3   2  13   1   3  0.15 0.02
  102 W    -2  -2  -2  -1  -2  -2   0  -3  -2   2   2  -2   0   0  -2  -2  -2   8   0   0    1   1   1   4   0   1   8   1   0  19  27   1   0   1   1   1   1  29   0   3  0.56 0.09
  103 E    -1   1  -1   1  -3   1   3  -2   1  -3  -3   4  -2  -2  -2  -1  -1  -2   1  -3    1   4   0   5   0   0  30   1   3   1   1  45   0   0   1   1   1   0   6   1  0.45 0.11
  104 T    -1  -1  -1  -1  -3   1   2  -2   2  -2  -2  -1  -2   0  -2   0   1   5   5  -2    1   1   0   1   0   9  22   1   7   1   1   1   0   0   1   4  10   9  32   1  0.44 0.10
  105 F    -2  -3  -3  -4  -3  -1  -3  -4   0   0  -1  -3  -1   4  -3  -2  -2   0   6   2    0   0   0   0   0   3   0   0   0   0   0   0   0  28   0   0   0   0  41  24  0.66 0.14
  106 D    -2  -2   0   6  -3  -1   2  -2  -1  -2  -1  -1  -2  -2  -2  -1  -1  -3   0  -2    1   1   1  64   0   1   9   1   0   1  10   1   0   1   1   2   1   0   4   1  0.66 0.12
  107 L     0  -3  -3  -4  -2  -2  -3  -3  -3   1   4  -3   1   1  -3  -2  -1  -2  -1   2   13   0   0   0   0   0   0   0   0   0  62   0   0   7   0   0   0   0   0  15  0.38 0.10
  108 R    -1   0  -1  -2  -3  -2  -2   6  -3  -4  -4  -2  -3  -4  -3   1  -2  -3  -3  -4    0   7   0   0   0   0   0  80   0   0   0   0   0   0   0   9   0   0   0   0  1.06 0.17
  109 A     1  -1  -1   0  -1   0   0  -2  -2   1   1   0   1  -1  -2   0   1  -3  -2   1   22   0   0   5   0   6   3   0   0  15  18   6   4   0   0   4   9   0   0   6  0.08 0.04
  110 K    -1   2  -1   1  -3   1   3  -2  -1  -3  -3   3  -2  -3   2   0  -1  -3  -2  -3    4  12   0   5   0   2  32   0   0   0   2  26   0   0  12   4   0   0   0   0  0.44 0.10
  111 N     2   2   2  -1  -2   0   0  -1   1  -1  -2   1  -1  -1  -2   0  -1  -2   2  -1   29  16  18   0   0   0   2   0   4   3   0   7   0   0   0   4   0   0  10   6  0.18 0.08
  112 R    -2   4   0   1  -4   0   0  -1   0  -3  -3   0  -2   0  -3  -1  -2   2   4  -3    0  45   5   9   0   0   5   5   0   0   0   0   0   3   0   0   0   3  23   0  0.47 0.13
  113 D    -2  -2   3   5  -4  -1   1  -2   3  -4  -4  -1  -3  -4   1  -1  -2  -4  -2  -4    0   0  21  53   0   0   5   0   9   0   0   0   0   0   9   0   0   0   0   0  0.77 0.15
  114 D     2   2  -1   1  -2   1   1  -1  -1  -3  -2   3  -2  -2  -2   0   0  -3  -2  -2   29  11   0   7   0   7  10   0   0   0   0  29   0   2   0   0   3   0   0   0  0.29 0.09
  115 T    -1  -2  -1  -2  -2  -2  -2  -2   1  -2  -2  -2  -2  -2  -2   1   6  -3   0  -1    0   0   0   0   0   0   0   0   4   0   0   0   0   0   0   5  84   0   4   0  0.82 0.21
  116 E    -1  -2   3   3  -3   0   1   3  -1  -4  -4  -1  -3  -4  -2   1  -1  -4  -3  -4    0   0  24  22   0   3   6  33   0   0   0   0   0   0   0  11   0   0   0   0  0.56 0.12
  117 D    -2  -2   1   5  -4   0   4  -1  -1  -4  -4  -1  -3  -4  -2   0   0  -4  -3  -3    0   0   3  39   0   0  42   4   0   0   0   0   0   0   0   8   4   0   0   0  0.74 0.16
  118 R    -2   2   0   1  -3   3   1  -1  -1  -2  -1   2  -1   1  -2  -1   0   5  -1  -2    0  11   3   7   0  22   4   4   0   0   6  15   0   7   0   0   9  13   0   0  0.31 0.10
  119 V    -1  -3  -3  -1  -2  -3  -3  -4  -4   2   3  -3   1  -1  -3  -3  -1  -3  -2   3    3   0   0   4   0   0   0   0   0  10  44   0   0   0   0   0   0   0   0  39  0.44 0.13
  120 L    -1  -3  -2  -2  -2  -2  -2  -3  -3  -1   0  -2  -1  -1   5   0   4  -3  -2  -1    0   0   0   0   0   0   0   0   0   4   9   0   0   3  33   3  46   0   0   0  0.73 0.18
  121 R    -1   1   0   2  -3   2   1  -2   1   1  -1   1  -1  -2  -2  -1  -1   4  -1   0    3  10   3  14   0  15   7   0   3  15   0  14   0   0   0   0   2   7   0   9  0.19 0.07
  122 D     0  -2   1   5  -4   0   5  -3  -2  -4  -4  -1  -3  -4  -2  -1  -2  -5  -4  -4    9   0   3  39   0   0  48   0   0   0   0   0   0   0   0   0   0   0   0   0  0.89 0.22
  123 V     2  -2   0   1  -2  -1  -1  -2  -2  -1  -2  -1  -2  -3  -2   2   3  -4  -3   1   26   0   2  12   0   0   0   0   0   0   0   0   0   0   0  18  32   0   0  11  0.35 0.15
  124 I     2  -3  -3  -4  -2  -2  -3  -3  -3   3   3  -2   0  -1  -3  -1  -1  -3  -2   1   25   0   0   0   0   0   0   0   0  26  40   2   0   0   0   2   0   0   0   4  0.36 0.14
  125 E     0  -1   2   3  -3   2   4  -2  -1  -3  -2   0   0  -3  -2   0   0  -3  -1  -3   10   0  10  15   0   7  42   0   0   0   3   1   3   0   0   2   4   0   3   0  0.44 0.14
  126 A     4  -2  -2  -2  -2  -2  -2  -1  -3  -1  -2  -2  -2  -3  -2   3   0  -4  -3   0   61   0   0   0   0   0   0   0   0   3   2   0   0   0   0  25   3   0   0   5  0.56 0.20
  127 G    -1  -3  -3  -4  -2  -3  -4  -1  -4   5   2  -3   0  -1  -3  -2   1  -3  -2   2    1   0   0   0   0   0   0   5   0  52  18   0   0   0   0   0  11   0   0  13  0.47 0.16
  128 K    -1   4   0  -2  -4   1  -1  -3  -2  -3   0   4  -1  -3  -2  -1  -1  -4  -3  -3    2  28   3   0   0   6   0   0   0   0  12  44   0   0   0   3   2   0   0   0  0.53 0.17
  129 R    -1   4   0   0  -4   2   3  -3   1  -4  -3   4  -2  -4  -2  -1  -1  -4  -3  -3    2  24   2   2   0   6  26   0   3   0   0  33   0   0   0   0   2   0   0   0  0.59 0.16
  130 I    -2  -2   4  -2  -3  -2  -2  -3   5  -1  -2  -2  -2   1  -3   0  -1  -1   6  -2    1   0  27   0   0   0   0   0  17   5   1   0   0   2   0   5   3   0  38   0  0.67 0.21
  131 K    -1   2   1   2  -3   0   0   1  -2  -1  -1   3  -2  -2  -2   0  -1  -3  -2  -2    0  13   8  13   0   1   0  14   0   3   9  33   0   2   0   3   0   0   0   2  0.24 0.11
  132 A     1  -3  -4  -4  -2  -3  -3  -3  -4   2   0  -3   0  -2  -3  -2  -1  -4  -2   5   17   0   0   0   0   0   0   0   0   9   4   0   0   0   0   0   0   0   0  69  0.64 0.21
  133 I     3  -3  -2  -3   1  -2  -2   3  -3   1  -2  -2  -2  -3  -2   1  -1  -3  -3   0   42   0   0   0   3   0   0  32   0  12   0   0   0   0   0   6   0   0   0   3  0.46 0.16
  134 F    -2  -3  -4  -4  -2  -3  -4  -5  -4   4   3  -3   1   1  -4  -3  -2  -3  -2   3    0   0   0   0   0   0   0   0   0  37  38   0   0   5   0   0   0   0   0  20  0.57 0.16
  135 K    -2   1  -2  -2  -4   0  -1  -1  -2  -4  -1   6  -2  -4  -3  -2  -2  -4  -3  -3    0   0   0   0   0   0   0   5   0   0   7  88   0   0   0   0   0   0   0   0  1.04 0.29
  136 E    -1  -4  -2   0   6  -3  -1   5  -3  -4  -4  -3  -3  -4  -3  -2  -2  -4  -4  -4    0   0   0   5  27   0   5  63   0   0   0   0   0   0   0   0   0   0   0   0  1.12 0.24
  137 P     3  -3  -1  -3  -3  -2  -2  -1  -3  -1  -3  -2  -3  -4   6  -1  -2  -4  -4  -2   34   0   3   0   0   0   0   3   0   6   0   0   0   0  54   0   0   0   0   0  1.16 0.24
  138 T    -2  -3  -2  -3  -2  -2  -3  -4  -3   2   3  -2   2  -1  -3   0   3  -3  -2   0    0   0   0   0   0   0   0   0   0  13  44   0   6   0   0   5  32   0   0   0  0.44 0.17
  139 V     1  -2  -2  -2  -2  -1   0   1   0   2  -1  -2  -1  -1  -2   0   2  -3  -2   1   14   0   0   0   0   0  10  11   3  27   0   0   0   3   0   3  21   0   0  10  0.15 0.10
  140 T    -2  -3  -1   1  -2  -2  -2  -3  -3  -2  -3  -2  -2  -4  -3   0   7  -4  -3  -2    0   0   0   7   0   0   0   0   0   0   0   0   0   0   0   0  93   0   0   0  1.22 0.33
  141 P    -2  -4  -3  -3  -4  -3  -3  -4  -4  -4  -4  -3  -4  -5   8  -2  -3  -5  -4  -4    0   0   0   0   0   0   0   0   0   0   0   0   0   0  97   0   0   0   0   0  2.54 0.37
  142 T    -1  -2  -1   3  -2  -1   0   0  -2   1  -1  -1  -1  -1  -1   0   0  -2  -1   2    2   1   1  28   0   1   2   6   1   7   2   1   1   4   1   6   7   0   1  27  0.16 0.07
  143 A     0  -1  -1   0  -2   0   3   3  -1  -2  -2   0  -2  -2  -1   0  -1  -2  -2  -2    8   2   2   2   1   1  35  31   1   2   3   2   1   1   2   2   2   0   1   2  0.34 0.08
  144 D     2  -1  -1   0  -1  -1  -1   3  -1  -2  -2   0  -1  -2  -1   0   0  -2  -1  -1   28   2   2   8   1   2   2  25   1   2   4   8   1   2   2   3   5   1   1   3  0.18 0.04
  145 Q    -1   3  -1  -1  -2   1  -1   3  -1  -2  -2   0  -1  -2  -1  -1  -1  -2  -1  -2    3  29   2   2   1   7   2  31   1   2   4   2   1   2   2   3   2   1   1   3  0.29 0.06
  146 V    -1  -2  -2  -2  -1  -1  -1  -2   0   2   0  -1   1  -1  -1  -1   0  -2  -1   3    3   2   2   2   1   2   2   3   4  17   3   2   4   1   2   3   2   0   1  44  0.19 0.07
  147 K     0   1   0   0  -1   1   2  -1   0  -1   0   2  -1  -1   0   0   0  -1  -1  -1    4   4   2   3   1   5  15   4   1   3   9  21   1   2   3   9   6   1   2   4  0.09 0.02
  148 R     0   1   1   0  -1   1   3  -1   0  -1  -1   0  -1  -1   0   1   0  -1  -1  -1    4   8   6   3   1   2  35   4   1   3   5   3   1   2   3  10   3   1   2   3  0.19 0.04
  149 L    -1   0  -1  -1  -1  -1  -1  -1   1   0   1  -1   0   4  -1  -1  -1   0   1   0    4   7   2   3   1   2   3   4   4   3  16   3   1  27   3   4   3   1   3   6  0.09 0.03
  150 G     0   0   3   0  -1   0   0   3   1  -2  -1   1  -1  -1  -1   0   0  -1  -1  -1    4   3  20   3   1   2   3  26   4   3   5  10   1   2   3   4   3   1   2   3  0.18 0.03
  151 L    -1  -1  -2  -2  -1  -1  -2  -2  -2   2   3  -2   2   0  -1  -1  -1  -1   0   1    3   2   2   2   1   1   2   3   1  15  46   2   4   1   2   2   2   0   4   5  0.19 0.06
  152 R    -1   2  -1  -1  -2   1   0   2   0  -2  -1   3  -1  -2   0  -1  -1  -2  -1  -2    3  10   1   2   1   5   2  21   2   2   7  30   1   1   5   2   2   0   1   2  0.20 0.06
  153 K    -1   0   0   0  -2   1   1   0  -1  -2  -1   3  -1  -2   1   0  -1  -2  -1  -1    3   2   2   2   1   5  13   8   1   2   8  33   1   1   5   9   2   0   1   2  0.18 0.05
  154 S     0  -1  -1  -1  -1  -1  -1   3  -1  -1   0  -1   4  -1  -1   1  -1  -1  -1  -1    3   2   2   2   1   2   3  24   1   2   4   2  28   2   2  12   3   1   1   3  0.19 0.07
  155 W    -1  -1  -1  -2  -2  -1  -1  -2   5  -2  -1  -1  -1   1  -1  -1  -1   8   1  -2    3   2   2   2   1   2   3   3  20   2   4   2   1   7   2   3   2  33   4   3  0.77 0.11
  156 G    -1   4  -1  -2  -3   1  -1   0  -1  -2  -1   3  -1  -2  -2  -1  -1  -3  -2  -1    1  40   1   1   0   4   1   9   0   1   7  24   0   1   1   1   4   0   1   4  0.39 0.11
  157 S     0  -2  -1  -1  -2  -1  -1  -1  -2  -2  -3  -1  -2  -3  -2   6   0  -3  -2   0    1   1   0   1   0   0   1   1   0   1   1   1   0   0   1  83   1   0   0   8  0.79 0.24
  158 P    -1  -1  -3  -3  -2  -2  -2  -3  -3   0   2  -2   1   1   5  -2  -2  -3  -2  -1    4   4   0   1   0   0   1   1   0   4  33   1   3   6  40   1   1   0   0   1  0.67 0.14
  159 N    -2  -2   7   0  -3  -1  -1  -2  -1  -4  -4  -1  -3  -4  -3   1  -1  -4  -3  -3    1   1  83   1   0   0   1   1   0   1   1   1   0   0   1   8   1   0   0   1  1.22 0.27
  160 G    -1  -2   0  -2  -2  -2  -2   4  -3   0   0  -2  -1  -2  -2  -1  -1  -3  -2   3    1   1   4   1   0   0   1  40   0   1  11   1   0   0   1   4   1   0   0  33  0.36 0.12
  161 A     3  -2   0  -2  -2  -2  -2  -1  -2   0  -2  -2  -1  -3  -2   0   4  -3  -3   0   37   0   5   0   0   0   0   3   0   4   0   0   0   0   0   0  43   0   0   7  0.44 0.17
  162 M    -2  -3  -4  -5  -2  -3  -4  -5  -4   4   4  -4   3  -1  -4  -3  -2  -3  -2   0    0   0   0   0   0   0   0   0   0  29  62   0   9   0   0   0   0   0   0   0  0.77 0.22
  163 R    -3   7  -2  -3  -5   0   0  -4  -2  -5  -4   1  -3  -5  -4  -2  -3  -4  -3  -4    0  94   0   0   0   0   6   0   0   0   0   0   0   0   0   0   0   0   0   0  1.59 0.36
  164 R    -2   3   4  -1  -4   4   0  -2  -1  -4  -3   3  -2  -1  -3  -1  -1  -4  -2  -3    0  19  26   0   0  24   0   0   0   0   0  23   0   4   0   0   3   0   0   0  0.59 0.20
  165 G     1  -2  -2  -1  -2   0   2   1  -2   2  -1   0   0  -2  -2   0   1  -3  -2   0   12   0   0   0   0   3  24  11   0  26   3   5   2   0   0   3   8   0   0   4  0.15 0.10
  166 W    -3  -3  -5  -5  -3  -3  -4  -5  -4   0   5  -4   2   3  -4  -4  -3   3  -1  -1    0   0   0   0   0   0   0   0   0   1  75   0   3  16   0   0   0   5   0   0  0.83 0.23
  167 N    -2  -2   3   5  -4  -1   0   3  -2  -4  -5   0  -4  -4  -3  -1  -2  -5  -4  -4    0   0  19  45   0   0   3  27   0   0   0   6   0   0   0   0   0   0   0   0  0.80 0.21
  168 G    -1  -2  -2  -2  -2  -2  -2   3   1   0   3  -2   0  -1  -2  -2  -1  -2   0  -1    1   1   1   1   0   1   1  32   4   4  43   1   0   1   1   1   4   0   4   1  0.31 0.12
  169 I    -1   1  -1  -2  -2  -1  -1  -2   2   0  -1  -1  -1   3  -1  -1  -1   0   5  -1    3   8   2   2   1   2   2   3   5   7   3   2   1  20   2   3   2   1  27   4  0.26 0.07
  170 T     2  -2  -1  -2  -1  -1  -2  -1  -2   0  -1  -1  -1   1  -2   1   3  -2  -1   1   28   1   1   1   0   1   1   1   0   2   1   1   0   7   1   5  34   0   0  14  0.27 0.12
  171 I     0  -2   3  -2   5  -2  -2  -2  -2   2   0  -2  -1  -2  -3  -1  -1  -3  -2   2   10   0  23   0  19   0   0   0   0  12   5   0   0   0   0   3   0   0   0  24  0.33 0.14
  172 S    -2  -3  -3  -3  -2  -1  -3  -3  -2   1   2  -3   0   5  -3  -1  -2  -1   2   2    0   0   0   0   0   4   0   0   0   3  21   0   0  35   0   5   0   0   8  21  0.42 0.14
  173 R     0   7  -2   0  -4   0  -1  -3  -2  -3  -3   1  -2  -4  -3  -2  -2  -4  -3  -2    9  78   0   6   0   0   0   0   0   0   0   0   0   0   0   0   0   0   0   3  1.05 0.28
  174 D    -1  -2   1   1  -3  -1   3  -2   2  -3  -3  -1  -3  -3   6   0  -1  -3  -2  -3    1   1   6   6   0   0  26   2   6   1   1   1   0   0  41   6   1   0   0   1  0.82 0.17
  175 T     1  -2  -2  -2   3  -2  -2  -2   1   0  -1  -2  -1  -2   5  -1   0  -3  -1   2   11   0   0   0  10   0   1   1   4   3   3   1   0   0  29   2   8   0   2  23  0.45 0.13
  176 I    -2   2  -3  -3  -2  -1  -2  -3  -2   4   0  -1   0  -1  -3  -2  -1  -3   0   3    1  18   0   0   0   2   1   1   0  43   3   3   0   0   0   1   1   0   5  20  0.35 0.15
  177 H    -2  -1   2  -2   0  -1  -1  -3   3   1   1  -2  -1   0  -3   0  -1   4   3   0    0   3  18   0   2   0   3   0  10   9  16   0   0   0   0   7   0   7  15   7  0.21 0.11
  178 I    -2  -3  -4  -4   3  -3  -4  -4  -2   4   1  -3   0   3  -4  -3  -2   4   3   1    0   0   0   0   8   0   0   0   0  39  11   0   0  16   0   0   0   6  15   3  0.51 0.16
  179 D     0  -1  -1   1  -3   0   0  -2  -2  -3  -3   2   0  -3   5   1   0  -3  -1  -3    8   0   0  10   0   2   4   0   0   0   0  23   3   0  32  10   5   0   3   0  0.56 0.15
  180 G    -1   2   3  -1  -1   1   0   4  -1  -4  -4   0  -3  -4  -3   0  -2  -4  -3  -3    2  15  23   0   1   6   4  39   0   0   0   6   0   0   0   3   0   0   0   0  0.54 0.16
  181 V    -1  -3  -3  -4  -2  -1  -3  -4  -1   3   3  -3   0   0  -3  -2   0  -3  -2   3    0   0   0   0   0   3   0   0   2  16  33   0   0   2   0   3   4   0   0  34  0.37 0.14
  182 E     0   0  -3  -2  -3  -2   0  -3  -2  -2  -1   0  -2  -3   6  -2  -2  -3   1   1    9   6   0   0   0   0   5   0   0   0   4   5   0   0  49   0   0   0   6  16  0.85 0.19
  183 L    -1  -2  -1  -1  -3  -2  -2  -1  -3  -3  -1  -2  -2  -3   5   3   2  -4  -3  -2    0   0   0   3   0   0   0   3   0   0   5   0   0   0  39  28  18   0   0   0  0.79 0.20
  184 G     0   0  -2  -2   2  -1  -2   4  -1  -4  -4  -2  -3  -4   5  -1  -1  -4  -3  -3    6   7   0   0   7   2   0  43   2   0   0   0   0   0  29   1   2   0   0   0  0.79 0.18
  185 Y    -2  -3  -3  -4  -3  -3  -3  -3   2   0  -1  -3  -1   1  -4   0  -2   8   4   2    0   0   0   0   0   0   0   0   5   6   3   0   0   3   0   9   0  26  22  23  0.79 0.21
  186 K     0   0   1  -1  -3   0   2  -2  -2  -3  -3   4  -2  -4   1   1   2  -4  -3  -2    7   0   5   0   0   0  15   0   0   0   0  40   0   0   6   9  14   0   0   2  0.38 0.15
  187 K    -1   1   3   0  -3   0   0  -1   2  -3  -1   3  -2  -3  -2   0   1  -3  -2  -2    0   7  16   2   0   0   4   3   5   0   6  36   0   0   0   5  14   0   0   0  0.33 0.14
  188 P    -2  -3  -1   1  -4  -2  -2  -3  -3  -4  -4  -2  -3  -4   8  -1  -2  -4  -4  -3    2   0   3   8   0   0   1   1   0   0   1   0   0   0  80   2   0   0   0   1  1.90 0.31
  189 V    -1  -2  -3  -3  -2  -2  -2  -3  -3   4   2  -2   3   0  -2  -2  -1  -2  -1   2    1   1   1   1   0   1   1   1   0  39  20   1  14   3   1   1   3   0   1   8  0.34 0.11
  190 L     0  -2  -2  -2   3  -2  -2  -2  -2   2   1  -2   0  -1  -2  -1   0  -2  -1   3    4   1   1   1  10   1   1   2   1  16  11   1   1   1   1   2   7   0   1  36  0.23 0.08
  191 F    -1  -2  -2  -2  -2  -2  -2  -3  -2   5   1  -1   0   1  -2  -2  -1  -2  -1   2    2   1   1   1   0   1   1   2   1  54   4   3   1   6   1   2   1   0   1  16  0.37 0.12
  192 E    -1  -2  -1  -2  -2  -2   0   3  -2   1  -1  -2  -1   3  -2  -1  -1  -1   1   0    2   1   1   1   0   1   6  30   1  13   2   1   1  23   1   2   4   0   3   6  0.21 0.08
  193 R    -2   7  -1  -2  -3   0  -1  -2  -1  -3  -2   1  -2  -3  -2  -1  -2  -3  -2  -3    2  78   1   1   0   1   1   2   1   1   2   1   1   1   1   2   1   0   1   1  1.02 0.22
  194 H    -2  -1  -1   0  -3   0   4  -2   7  -3  -3  -1  -2  -2  -2  -1  -2  -2  -1  -3    2   1   1   1   0   1  42   2  37   1   2   1   1   1   1   2   1   0   1   1  0.76 0.18
  195 A     3  -1   4   0  -2  -1  -1  -1  -1  -2  -1  -1  -1  -2  -1   0  -1  -2  -2  -1   33   1  36   4   0   1   2   2   1   1   8   1   1   1   1   2   2   0   1   2  0.32 0.12
  196 V    -1  -1   0  -1  -1  -1  -1  -2   2  -1  -1  -1  -1   3  -1   1   3  -1   1   0    2   1   4   2   1   1   2   2   6   1   3   2   1  20   1   9  33   0   3   7  0.20 0.09
  197 G     0  -2  -1   0  -3  -1   3   4  -2  -3  -3  -1  -3  -3  -2   0  -2  -3  -3  -3    8   1   1   4   0   1  32  45   0   1   1   1   0   0   1   3   1   0   0   1  0.60 0.16
  198 G    -1  -2   0   6  -3  -1   0   2  -2  -3  -4  -2  -3  -3  -2  -1  -2  -3   1  -3    4   1   1  63   0   1   1  19   0   1   1   1   0   0   1   1   1   0   6   1  0.85 0.21
  199 E    -2  -1  -1  -1  -3   4   2  -3  -1   3  -1   1  -1  -2  -1  -1  -1  -3  -2   0    1   1   1   1   0  36  15   1   0  25   1   6   0   1   3   1   1   0   0   6  0.37 0.16
  200 Y    -3  -3  -3  -3  -3  -2  -3  -2   0  -3  -2  -3  -2   1   1  -2   0   0   8  -2    1   1   1   1   0   0   1   3   0   1   1   1   0   0   7   1   6   0  76   1  1.35 0.31
  201 S     2   3   0   0  -2   0   0  -2  -1  -3  -2   2  -2   0  -2   1  -1  -3  -2  -2   22  24   2   5   0   0   3   0   0   0   3  17   0   6   0  16   0   0   0   0  0.27 0.12
  202 A     3  -2  -1  -1  -2  -2  -2   4  -2   0  -2  -2  -2  -2  -2   0  -1  -3   0   0   33   0   2   3   0   0   0  37   0   7   1   0   0   0   0   2   2   0   5   6  0.41 0.15
  203 G    -1  -2  -1   3  -2  -2  -1  -1  -2   3   0  -2   0  -2  -2  -1   3  -3  -2   1    1   1   1  22   0   1   1   5   0  24   4   1   2   0   1   1  28   0   0   7  0.27 0.14
  204 Y    -2  -2   0   4  -3  -1   3  -2  -1  -3  -2  -1  -2   3  -2  -1  -2  -2   2  -3    1   1   2  34   0   1  27   1   0   1   1   1   0  19   1   3   1   0   7   1  0.53 0.17
  205 K    -1  -1  -2  -3  -2  -1  -1  -3   1   1   0   0   0   2  -1  -1   0   5   1   2    4   2   0   0   0   0   2   1   5   5   6  10   2  11   2   1   6  12   3  25  0.22 0.10
  206 N    -1  -1   1  -2  -2   0   0  -2  -2   1   0   1   0   0  -2  -1  -1  -3  -2   3    3   1  11   1   0   3   5   1   0   8   5  11   0   4   1   1   1   0   0  44  0.21 0.12
  207 V     1  -2  -2  -1  -1   0  -1  -2  -2   2   0  -1   0  -2   1  -1   0  -3  -2   3   13   1   1   2   0   4   5   1   0  18   4   2   0   1   7   4   3   0   1  33  0.17 0.09
  208 G     0   2   1   0   0  -1  -1   4  -2  -2  -2   0  -2  -1  -1  -1  -1  -2  -2   0    6  18   6   6   2   2   1  38   0   1   2   2   0   2   2   1   1   0   1   8  0.31 0.10
  209 K     0   1  -1  -1  -2   0   2  -1  -1  -2  -2   1  -2  -3   4   1   1  -3  -2  -2    9   7   1   1   0   1  19   4   0   1   2   7   0   1  23  12  10   0   1   1  0.38 0.10
  210 G     0  -2   0  -1  -3  -1   1   5  -2  -3  -3  -2  -2  -3   0   0  -1  -3  -3  -1    7   1   3   2   0   1  10  54   0   1   1   1   0   1   5   5   2   0   1   4  0.58 0.15
  211 K    -1   0   1   2  -3   0   2  -2  -1  -1  -2   2  -2  -3  -2   0   2  -3  -2  -1    1   2   7  15   0   3  15   1   0   3   1  22   0   0   1   2  22   0   0   5  0.28 0.12
  212 L     0  -2  -2  -2  -1  -2  -2  -1  -2   1   2  -2   0   0   0  -1   0  -2  -1   2   10   1   1   1   0   1   2   4   1   4  36   1   1   4   6   2   5   0   1  19  0.15 0.07
  213 T    -1   1  -1   1  -3   1   3  -2  -1  -1  -2   3   0  -3  -2  -1   1  -3  -2  -1    1   6   1   6   0   3  33   1   0   5   1  22   4   1   1   1   9   0   0   5  0.32 0.13
  214 T    -1   0  -1  -1  -2  -1  -1   2  -2   0   1   1   1  -1  -2  -1   1  -2  -2   0    1   4   0   4   0   0   1  22   0   6  21  13   7   3   1   2  10   0   0   4  0.11 0.08
  215 T    -1  -1  -2  -2  -1  -1   0  -3  -3   2   1  -1   0  -2   2  -1   1  -3  -2   3    2   3   0   1   1   3   7   1   0   9   9   2   0   0  10   2   9   0   0  39  0.23 0.12
  216 F    -2   2  -1  -3  -3  -2  -2  -3   1   1  -1  -2  -1   4  -3  -2  -1   1   5   0    1  16   2   1   0   1   1   1   3  14   1   1   0  24   1   1   3   2  25   4  0.44 0.16
  217 T     0  -1  -1   0  -2   1   2  -2  -1  -1  -2   1  -1  -2  -1   1   3  -3  -2   0    7   1   1   4   0   5  16   1   1   1   1   9   0   1   1   8  33   0   1  10  0.25 0.12
  218 P    -1  -1   1  -1  -2  -1  -2   2  -2  -2  -2  -1  -1  -1   5   0  -1  -3  -2  -2    4   4   9   1   0   1   1  22   0   2   5   2   1   4  31   8   3   0   1   1  0.48 0.13
  219 S     0   0   1  -1  -2  -1   0  -2  -2   0   0   1  -1  -1  -1   1   3  -2  -2   0    6   3   9   2   0   1   5   1   0   4  11   9   0   2   2   9  30   0   0   7  0.15 0.09
  220 E    -1  -2   1   2  -3   1   2   3  -2  -3  -2  -1  -2  -3  -2   0  -1  -3  -2  -3    4   1   6  14   0   5  20  33   0   1   5   2   0   1   1   5   1   0   2   1  0.38 0.13
  221 G    -1  -1   1  -2  -3  -2  -2   5   1  -3  -3  -1  -3  -3  -2   0  -1  -3  -3  -3    1   4   7   1   0   1   1  62   4   1   2   2   0   1   1   7   2   0   1   2  0.77 0.20
  222 P     0  -1  -1  -1  -2  -1   2  -1  -1   0  -1  -1  -1  -2   3   1   0   0  -2   0    9   1   2   1   0   0  22   3   1  10   3   2   0   0  18  12   3   1   0   9  0.24 0.11
  223 D    -1  -2  -1   0  -3   0   2  -1   1   1   0  -2   0   2  -2  -1  -1  -1   4  -1    4   0   3   4   0   3  16   4   4  10   6   0   3  11   1   3   2   0  25   2  0.23 0.13
  224 A     1   1  -1  -1  -2   0  -1  -1  -2  -1   1   0   0   2   0   0  -1  -2   0  -1   17  10   2   3   0   3   3   3   0   2  18   6   2  13   4   9   1   0   1   2  0.07 0.07
  225 G     0  -1   0  -2  -2   1  -1   3  -2   0  -1  -1  -1  -2  -1   0   1  -3  -2   1    4   1   4   0   0  10   1  32   0   7   2   4   0   2   3   4  10   0   1  14  0.21 0.11
  226 K    -1   0   0   1  -1   1   2   0  -2   0   0   2  -1  -3  -2   0   0  -3  -2  -2    3   1   5   7   1   4  23   9   0   6  11  17   0   0   0   4   8   0   0   0  0.16 0.10
  227 T    -1  -1   0   0  -2  -1   1   0  -2  -1  -1   0  -2   0   3  -1   2   1  -1  -2    1   2   4   4   0   1  11   8   0   3   6   6   0   4  19   1  24   2   1   1  0.26 0.12
  228 V    -1   1  -1  -1  -2   0   0  -2  -1   2   0   0   2  -2   2  -1  -1  -3  -1   1    1  10   1   2   0   2   7   3   1  25   7   8   7   0  11   4   2   0   1   7  0.13 0.09
  229 V    -1  -1   0   0  -2  -1   0   2   0   1  -1  -1  -1   0  -2  -1   0  -1   3   1    2   2   6   4   0   2   6  17   2   9   2   2   1   4   1   1   6   0  14  19  0.09 0.08
  230 V     0   0  -2  -2   0  -1  -1  -2   1   1   0  -2   0   3  -2  -1  -1  -1   3   1    6   6   1   1   3   2   4   2   4   9   7   1   0  19   1   2   3   0  11  17  0.14 0.08
  231 D    -1   1   1   2  -2   0   1   1  -1  -2  -1   1  -1  -1  -1   0   0  -2   0  -1    2   8   5  13   0   3  11  15   0   1   6  14   0   3   1   4   4   0   4   5  0.12 0.05
  232 E     0  -1   0   1  -2   1   3  -1  -1  -1  -1   1  -1  -2  -1  -1   0  -2  -2   0    8   2   5   5   0   5  30   4   0   2   4  10   2   1   2   1   8   0   1  11  0.19 0.10
  233 R    -2   2   0  -1  -3   0   1  -2   4   0  -1   0  -1   0   1  -1   0  -2   1  -1    1  12   5   2   0   1  11   2  18   7   7   6   0   5   7   2   6   0   4   2  0.17 0.10
  234 E    -2   2   0   0  -4   2   5   0  -1  -3  -3   1  -2  -3  -1   0  -1  -3  -3  -3    1  13   3   2   0   7  48   6   0   1   1   7   0   0   1   4   3   0   0   1  0.57 0.20
  235 I    -1  -1   0   0  -2  -1  -1   0   1   1   0  -1  -1   3  -2   0   0  -1   1   1    1   2   7   5   0   1   3   9   4  12   6   2   0  23   1   6   4   0   4   9  0.10 0.08
  236 V     0  -1  -1  -1  -2  -2  -2   1  -2   0  -1  -2  -1   1   3   0   1   0   0   1    8   4   2   2   0   0   1  10   0   6   4   1   0   7  19   4  12   1   4  15  0.19 0.09
  237 D    -1   0   1   2  -1   1   3   0  -1  -3  -2   1  -2  -3   1   0   1  -3  -1  -2    2   2   5  14   1   5  25   7   0   1   2   9   0   0   8   4   9   0   3   2  0.26 0.11
  238 E     0   0   1   2  -3   0   3   2   1  -3  -3   0  -2  -3  -2   1   0   0  -2  -3    7   3   5  10   0   3  24  21   5   1   1   4   0   0   1   9   5   1   0   1  0.30 0.12
  239 E     0   0   0   0   0   0   1   2  -1  -1  -2   0  -1  -3   0   1   0  -3  -2   1    4   5   2   5   2   4  12  16   1   1   1   6   0   0   4  14   5   0   0  17  0.12 0.08
  240 A     1  -2  -2  -2  -2  -2  -1   5  -3  -1  -2  -1  -1  -3  -2   1  -1  -3  -2   1   12   1   0   1   0   0   3  48   0   5   1   3   1   0   1   9   2   0   1  12  0.50 0.18
  241 A     1  -2  -2  -2  -1  -1   1  -1  -2   3  -1  -2  -1   0  -2  -1  -1  -3   0   3   15   2   1   1   1   2  11   3   0  20   1   1   0   3   1   1   2   0   3  32  0.23 0.14
  242 V     1  -1   1   1  -2  -1  -1   2  -1  -1  -1  -1  -1  -1  -2   1   0  -1   0   0   18   2   8   9   0   1   1  17   0   2   4   1   0   2   1  13   5   1   4  10  0.13 0.07
  243 V    -1  -1  -1   1  -2  -1  -1  -2  -2   2   1  -1   3  -1  -2  -1   2  -2  -2   1    2   4   3  10   0   2   3   1   0  16  15   2  11   1   1   2  16   0   1   8  0.12 0.09
  244 T     0   0   0  -1  -2   1   0   1  -1  -2  -2   2   1  -2  -2   1   2  -3  -2  -1    7   2   2   1   0   6   4  10   1   1   2  21   7   1   1   9  20   0   1   4  0.18 0.11
  245 Y    -1  -2  -2  -2  -2  -1  -1  -3  -2   2   1  -2   5  -1   2  -1   0  -2   0   1    2   2   1   1   0   1   4   1   0  13   8   1  29   1  12   6   5   0   4   8  0.31 0.16
  246 H    -1  -1  -2  -3  -1  -1  -2  -3   2   2  -1  -1  -1   1  -3  -2   0  -1   5   1    3   3   1   1   1   2   1   1   6  18   3   3   0   4   1   1   6   0  33  12  0.42 0.18
  247 N    -2  -2   5   0  -3  -1  -1  -2   1  -2  -3  -1  -2  -2  -2   1   1  -2   4  -2    2   1  36   4   0   1   2   1   2   2   1   3   0   1   1  12  12   0  17   2  0.49 0.21
  248 P    -1   0  -2  -2  -3   0  -1  -3  -3  -2  -2   0   0  -2   0   2   5  -4  -2  -1    3   5   0   1   0   3   3   0   0   2   1   7   2   1   5  15  48   0   1   2  0.51 0.25
  249 Y     0   2  -1   2  -3   0   2  -2  -1  -3  -3   1  -2  -1  -2   0   1   2   2  -2    9  11   1  17   0   2  17   1   1   0   0  10   0   1   1   6   9   3  10   1  0.27 0.14
  250 D     0   0  -1   1  -4   0   4  -1   0  -3  -2   2  -2   1  -1   0  -1  -3   1  -3    7   3   1   7   0   0  37   3   1   0   2  12   0   8   2   7   2   0   5   0  0.35 0.19
  251 N     0   0   0  -1  -3   0   3   2   0  -2  -3  -1  -2  -3  -1   3   0  -3  -2  -2    7   3   3   1   0   1  25  19   2   2   1   2   0   1   1  26   4   0   0   2  0.34 0.17
  252 V    -1  -3  -3  -4  -2  -1  -2  -4  -4   5   0  -2   1  -2  -4  -1   1  -4  -3   3    3   0   0   0   1   3   2   0   0  48   3   2   2   0   0   4   8   0   0  24  0.60 0.26
  253 H    -1   4   0   0  -4   0   4  -3   0  -4  -4   2  -3  -4  -3  -1  -1  -4  -3  -3    3  31   2   4   0   1  37   0   3   0   0   9   0   0   0   4   4   0   0   2  0.69 0.28
  254 D    -1   6  -1   0  -4  -1  -1  -1  -1  -3  -2   1  -3  -4  -2  -1  -2  -4  -3  -2    4  63   1   6   0   0   2   6   1   1   3   4   0   0   1   3   1   0   0   2  0.87 0.30
  255 L    -2  -3  -3  -4  -3  -4  -4  -5  -4   5   1  -4   0   3  -4  -3  -2  -3  -2   3    1   1   2   0   0   0   0   0   0  49  11   0   1  14   0   0   2   0   0  19  0.75 0.28
  256 A     5  -2  -3  -4  -2  -3  -3  -1  -4   0  -2  -3  -1  -3  -3   0  -1  -4  -3   2   61   2   0   0   0   0   0   4   0   4   2   0   1   1   0   3   1   0   0  21  0.69 0.32
  257 R    -3   5  -1   0  -5   0   1  -3   5  -4  -4   2  -2  -4  -3  -2  -3  -4  -1  -3    1  46   1   4   0   3   8   1  18   1   0  13   1   0   0   1   0   0   1   1  0.88 0.32
  258 F     1  -2  -2  -1  -2  -1  -2  -3  -2   0   0  -1   1   3  -3   0  -1  -2   3   2   16   1   0   5   0   2   1   0   0   5   5   3   4  15   0   7   2   0  14  18  0.20 0.15
  259 F     6  -3  -3  -4   1  -3  -2   0  -3  -3  -3  -3  -3   1  -3   1  -2  -4  -3  -2   72   0   0   0   2   0   1   6   0   0   0   0   0   6   0  10   1   0   0   0  0.95 0.38
  260 F    -3  -5  -5  -6  -4  -5  -5  -4  -4   1   0  -5   2   8  -6  -5  -4  -2   1  -2    1   0   0   0   0   0   0   1   0   8   7   0   5  75   0   0   0   0   1   1  1.65 0.48
  261 G     1   0   0   2  -4   3   4  -1  -1  -4  -3   1  -3  -3  -3  -1  -2  -2  -3  -3   12   3   4  12   0  16  34   3   1   0   1   9   0   1   0   2   1   1   0   0  0.51 0.23
  262 R    -1   1  -3  -4  -3  -2  -3  -4   0   0   3  -2   2   1  -4  -1  -1   0   5  -1    6   9   0   0   0   0   0   0   2   5  31   1   7   4   0   4   4   1  26   1  0.45 0.23
  263 C     6  -4  -4  -4   1   0  -3  -1  -4  -4  -4  -3  -3  -5  -3  -1  -2  -5  -4  -3   89   0   0   0   2   4   0   2   0   0   0   0   0   0   0   2   0   0   0   0  1.39 0.49
  264 L    -1   3  -1  -3  -3   2  -1  -3   1   1   2   0   2  -2  -3  -1  -1  -3  -2  -1    2  22   2   0   0  14   2   1   3  12  21   6   7   0   0   2   3   0   1   3  0.25 0.17
  265 E    -1   1   2   2  -3   2   2  -1  -1  -2  -2   3  -2  -4  -2   0   0  -4  -3  -2    5   5  13  10   0  11  11   3   0   2   2  22   1   0   0   6   7   0   0   1  0.31 0.16
  266 A    -2   6   3  -2  -5  -1  -2  -4   0  -4  -4   3  -4  -5   1  -2  -2  -5  -4  -4    3  56  13   1   0   0   1   0   2   1   0  15   0   0   7   0   2   0   0   0  1.03 0.38
  267 K    -2   4   1   0  -4   0  -1   1  -2  -5  -4   4  -3  -5   1   0  -2  -5  -4  -4    0  27   7   4   0   1   1  13   0   0   0  33   0   0   6   6   0   0   0   0  0.62 0.27
  268 V    -2   1   0  -2  -1  -1  -2   0  -1  -2   0   4   0  -2  -2  -1  -1   4   1   0    1   8   6   2   1   1   0   6   1   0  10  37   2   0   1   2   2   7   5   8  0.32 0.20
  269 T    -2   1   1  -2  -4   0  -1  -3   3  -3  -4   4  -3  -3   4   0   1  -4  -3  -1    0   8   6   1   0   2   0   0  10   0   0  30   0   1  20   7  10   0   0   5  0.52 0.24
  270 P    -2  -2  -4  -4   0  -3  -4  -4  -4   2   3  -3   0  -2  -1  -2   0  -4  -3   4    1   1   0   0   1   0   0   0   0   6  34   1   1   0   2   2   5   0   0  44  0.59 0.25
  271 Y     0  -3  -3  -3   6  -3  -3  -3   0  -2  -1  -2  -2  -1  -3  -1   5   3   3  -1    6   0   0   0  18   0   0   0   2   1   3   2   1   2   0   0  43   5  11   3  0.71 0.30
  272 V     0  -3  -2  -3   1  -2  -3  -3  -3   0   2  -3   0  -1  -3   4   0  -1  -3   1    7   0   0   0   3   0   0   0   0   4  28   0   2   2   0  39   2   1   0  11  0.39 0.24
  273 V    -1  -3  -3  -4  -1  -3  -3  -4   1   2   0  -3   1  -2  -4   0  -1  -4  -3   5    4   0   0   0   1   0   1   0   5  12   7   0   4   0   0  11   2   0   0  53  0.57 0.27
  274 T    -3  -3  -1   5  -5  -2   0  -2   7  -4  -5   0  -4  -4  -4  -1   2  -5  -2  -4    0   0   0  34   0   0   5   2  34   0   0   5   0   0   0   2  17   0   0   0  1.03 0.37
  275 K    -1   0  -3  -3  -6  -1  -2  -4  -3  -5  -5   7  -4  -6  -4  -3  -3  -6  -5  -5    5   0   0   0   0   0   0   0   0   0   0  95   0   0   0   0   0   0   0   0  1.87 0.58
  276 K     4  -1   3  -1  -2  -1  -1   1  -2  -3  -4  -1  -2  -4  -2   1   0  -4  -3  -3   44   2  18   2   0   2   1  12   0   0   0   3   1   0   1   7   6   0   0   0  0.49 0.25
  277 T    -3  -3   8  -2  -5  -3  -3  -3  -2  -2  -5  -3  -4  -5  -4  -2   2  -6  -5  -2    1   0  79   0   0   0   0   0   0   3   0   0   0   0   0   0  14   0   0   2  1.70 0.54
  278 V    -3  -5  -5  -5  -3  -4  -5  -3  -5   5   0  -4   2  -3  -5  -4  -2  -5  -3   5    0   0   0   0   0   0   0   2   0  37   2   0   4   0   0   0   0   0   0  55  1.14 0.39
  279 F    -3  -2  -5  -5  -4  -1  -4  -5  -4   0   5  -2   6   0  -5  -4  -3  -4  -3  -1    0   2   0   0   0   3   0   0   0   2  59   2  29   2   0   0   0   0   0   0  1.09 0.39
  280 K     1   1  -1  -1  -4   1   2  -3  -2  -3  -3   5  -2  -4  -2   0   0  -4  -2  -1   14   5   1   1   0   3  16   0   0   1   2  43   0   0   0   4   6   0   1   4  0.50 0.24
  281 W     0  -2   0  -2  -1  -1  -1  -2   0  -1   1  -1   0   2  -2   2   1   2   3   0    4   1   5   1   1   1   2   1   2   2  13   1   2  11   1  19  12   2  15   5  0.18 0.12
  282 Q     1  -2  -1   4   0   0   2   0  -2  -4  -4  -2  -2  -3  -2   3   0  -4  -3  -3   11   0   0  32   2   2  13   5   0   0   0   0   1   1   0  28   3   0   0   0  0.56 0.24
  283 E    -1   0  -1  -2  -3   0   0   5  -3  -1  -3  -1   0  -4  -3   0  -2  -4  -4  -1    1   7   1   0   0   4   5  58   0   5   2   3   2   0   0   5   0   0   0   4  0.71 0.25
  284 P     0   2  -2  -2  -2  -1  -1  -1  -1   0   3  -1   0   0   0  -1  -1  -3  -2  -1   10  15   0   1   0   2   2   4   1   2  44   2   1   3   4   5   1   0   0   2  0.23 0.15
  285 F    -4  -4  -4  -5  -4  -4  -4  -4  -3  -2   1  -4  -2   7  -5  -4  -4   9   1  -2    1   0   0   0   0   0   1   1   0   0  15   0   0  48   0   1   0  28   1   1  1.56 0.41
  286 W    -2   5  -2  -3  -4  -1  -1  -3   0  -2   0   3  -1  -2  -3  -2  -2   7  -2  -2    2  34   2   1   0   0   1   1   2   2  12  18   1   0   0   1   2  18   0   2  0.71 0.26
  287 Q    -1   1   1   4  -3   3   3  -2  -1  -3  -3   2  -2  -4  -2   0  -1  -3  -3  -3    2   6   7  24   0  18  19   1   0   1   1  11   0   1   1   4   1   0   0   1  0.50 0.19
  288 I    -1  -2  -2  -2   3  -1  -1  -3  -3   3   0  -2   0  -1  -2  -1   1   5  -1   2    4   1   1   2   7   2   4   1   0  24   4   2   2   1   1   5  11   8   1  21  0.27 0.13
  289 M     0  -2  -2  -3   4  -2  -2   0  -2   0   0  -2   1   3  -2  -1  -1   2   0   2    9   1   1   1  13   1   1   9   0   4   3   1   4  18   1   3   2   3   1  23  0.25 0.13
  290 R    -1   3   1   0  -3   3   2  -2   0  -1  -2   1  -2  -2  -2  -1   0  -2   2  -2    3  19   7   4   0  18  12   1   2   3   2   6   0   0   1   2   8   0  10   1  0.28 0.15
  291 T    -1   0   0   1  -4   1   5  -2  -1  -3  -2   1  -3  -4  -2  -1   0  -3  -3  -2    5   4   3   7   0   4  48   3   0   0   3   9   0   0   0   2   6   0   0   2  0.55 0.22
  292 V    -1  -3  -3  -4  -1  -3  -3  -4  -3   3   1  -3   1  -2  -3  -2   0  -3  -1   5    2   1   0   1   1   0   1   1   0  18  13   1   2   0   1   1   6   0   1  50  0.58 0.23
  293 F     3  -1  -1  -1  -2  -1  -1   0   1   0  -1  -1  -1   1  -2   0  -1   0   2   1   32   2   1   2   0   1   3   4   5   3   3   2   1   8   1   8   1   1  10  12  0.15 0.11
  294 D     0   0  -1   2  -3   2   3  -2  -1  -2  -2   3  -2  -3  -1   0  -1  -3  -2  -2    8   4   1  12   0   7  26   2   1   1   2  21   0   1   2   5   3   0   1   2  0.33 0.14
  295 E     0   1   0   1  -3   1   3  -1  -1  -2  -2   2  -2  -3  -1   1  -1  -3  -2  -2   10   8   4   9   0   7  23   3   0   2   2  17   1   1   2   8   1   0   0   1  0.28 0.12
  296 E    -1   0   0   0   0   1   3  -1   1  -1  -1   0  -1  -1  -1   0   1  -1   0   0    4   3   4   4   2   3  28   3   4   4   5   5   1   2   2   5   9   1   5   6  0.13 0.06
  297 F    -1  -1  -1  -2  -2  -1  -1  -1   0   0  -1  -1  -1   3   0  -1  -1   6   3  -1    6   2   2   2   1   2   4   4   2   6   4   3   2  17   6   3   2  14  15   5  0.31 0.08
  298 K     0   2   0   0  -2   1   0   0  -1  -2  -2   3  -1  -2   1   0   0  -2  -1  -1    8  12   3   3   1   4   3   8   1   2   4  27   1   2   6   6   4   1   1   3  0.18 0.06
  299 A     0   1   0   2  -1   1   1   0  -1  -1  -1   0  -1  -2   0   0   0  -2  -1  -1   12   9   5  13   1   5  11   5   1   6   4   5   1   2   3   6   6   1   1   4  0.09 0.03
  300 Q     0   1   0   0  -1   1   2  -1   0  -1  -1   2  -1  -1   0   0   0  -1   0  -1    8   7   3   4   1   8  14   5   2   3   5  17   1   2   3   4   6   1   3   5  0.10 0.03
  301 F    -1  -1  -1  -1  -1  -1  -1  -1  -1   1   0  -1   0   3   0  -1   0   0   1   1    5   4   2   3   1   2   3   4   1   7   8   3   2  24   4   4   4   1   5  15  0.10 0.04
  302 V     0  -1   0   1  -1   0   2  -1  -1   0  -1   0  -1  -1   2   0   0  -1  -1   0    6   3   4  10   1   3  21   4   1   5   7   4   1   2   9   4   6   1   2   7  0.12 0.03
  303 A     1   0   0   0  -1   1   2   0   0  -1  -1   0  -1  -1   0   0   0  -1  -1  -1   21   3   2   6   1   5  16   4   2   3   5   7   1   2   3   6   8   1   2   4  0.10 0.03
  304 A     1  -1   0   0  -1   0   0   0   0   0   1   0   0  -1   0   0   0  -1  -1   1   15   3   6   4   1   4   3   7   2   4  14   5   3   2   3   4   3   1   2  14  0.01 0.01
  305 G     1   0   0   0  -1   0   0   3  -1  -1  -1   0  -1  -1  -1   0   0  -1  -1  -1   13   4   5   3   1   4   7  24   1   3   4   7   1   2   3   7   6   1   2   3  0.13 0.03
  306 V     1  -1  -1  -1  -1   0   0  -1  -1   1   0   0   0  -1   1   0   0  -1  -1   1   13   3   3   3   1   4   4   4   1  13  11   5   1   2   8   5   4   1   2  14  0.04 0.02
  307 M     0   0   0   0  -1   0   1   0   2  -1  -1   0   0  -1  -1   0   0   6   0  -1    6   4   3   6   1   4  10   6   6   3   5   5   4   2   3   6   5  14   2   5  0.16 0.04
  308 K    -2  -2  -2  -3  -1  -2  -1  -3   1  -2  -2   0  -2   2  -3  -2  -2   0   8  -2    2   1   1   1   1   2   4   1   2   1   2   6   1   5   1   2   1   0  64   1  1.15 0.31
  309 E    -1  -2  -1  -1  -3   1   3  -1  -2  -3  -3  -1  -3  -3   6  -1  -2  -3  -3  -3    3   1   2   2   0   5  20   5   0   1   2   2   0   1  49   4   1   0   1   1  1.01 0.24
  310 G    -1  -1   0   4  -2   2   2   0   1  -2  -2   0  -2  -1  -1   0  -1  -2  -1  -2    4   1   3  32   1  11  10   7   3   1   3   5   1   3   2   4   2   0   2   2  0.30 0.10
  311 E    -1  -2  -2  -2  -2  -2  -1  -3  -3   3   0  -1   0  -1  -1  -2  -1  -3  -2   4    2   1   1   2   0   1   5   2   0  24   6   5   1   1   3   2   1   0   1  41  0.33 0.14
  312 E     0   0   1   1  -2   1   3  -1   1  -2  -2   1  -1  -3  -1   0   2  -2  -2  -2    7   2   6   5   0   6  28   3   3   2   3  10   1   1   1   3  17   0   1   2  0.25 0.11
  313 L    -1  -2  -2  -3  -2  -2  -2  -3  -2   1   3  -2   0   0  -1  -2   0   0   1   2    5   1   2   1   0   1   1   2   0   4  42   2   0   3   3   1   7   1   4  18  0.22 0.11
  314 V     0   0   2   1  -2   1   2  -1  -1  -2  -2   1  -2  -3  -1   2   1  -3  -2  -1    6   3  12   9   0   6  21   2   0   1   2   7   0   1   1  17   7   0   1   5  0.24 0.10
  315 H    -3  -2   0   2  -4  -1   1  -3   8  -3  -4   0  -3  -2  -3   0  -2  -3   3  -4    0   0   4  10   0   0   7   1  50   1   1   5   0   0   0   7   1   0  10   0  1.03 0.32
  316 L    -2   2  -2  -3   0   2  -1  -4  -2   1   1  -1   6  -2  -3  -2  -1  -3   0   0    0  14   1   1   2  14   3   0   1  10  14   1  31   0   0   1   1   0   3   5  0.42 0.22
  317 L    -3  -3  -3  -4  -3  -3  -4  -5   3   4   3  -4   0   0  -4  -3  -2  -2   5   0    0   0   1   0   0   0   0   0   8  28  34   0   0   1   0   0   1   0  25   1  0.68 0.26
  318 S     1  -4  -4  -4  -2  -4  -4  -4  -4   5   0  -4   0  -2  -4  -2  -1  -4  -3   4   11   0   0   0   0   0   0   0   0  43   2   0   1   0   0   2   1   0   0  39  0.77 0.28
  319 D    -4  -4  -1   8  -6  -3  -1  -4  -4  -6  -6  -2  -6  -6  -4  -3  -3  -7  -6  -6    0   0   0  99   0   0   0   0   0   0   0   1   0   0   0   0   0   0   0   0  2.23 0.53
  320 A     2  -2   6   2  -3  -1  -2  -2  -1  -2  -4  -2  -3  -4  -3   2  -1  -5  -4  -3   22   0  46  12   0   1   0   0   0   3   0   0   0   0   0  13   2   0   0   0  0.74 0.29
  321 A     4  -3  -3  -4   4  -2  -3  -1  -3  -1  -1  -3   4   0  -3  -1   1  -4  -3  -1   47   0   0   0  11   0   0   4   0   1   1   0  19   4   0   1   8   0   0   2  0.56 0.27
  322 T     3  -3  -2  -3   4  -2  -3  -1  -3  -1   0  -2  -1  -2  -3   1   2  -4  -3   1   37   0   0   0  12   0   0   2   0   1   6   0   1   1   0   7  19   0   0  13  0.40 0.20
  323 M     1  -3  -4  -5  -3   1  -3  -4  -2   1   0  -3   8  -2  -4  -3  -2  -4  -2  -1   15   0   0   0   0   7   0   0   1   8   4   0  62   0   0   0   1   0   1   2  1.17 0.41
  324 K    -2   1   0  -2  -4   6   0  -4   1   0  -2   1  -1   0  -3  -2  -2  -1   2  -3    1   5   3   0   0  57   1   0   3   6   3   6   1   4   0   1   0   1   8   1  0.79 0.32
  325 L     0  -3  -4  -5  -1  -3  -4  -4  -4   2   4  -4   4   0  -4  -3  -2  -3  -2   1   10   0   0   0   1   0   0   0   0  14  55   0  14   2   0   0   0   0   0   4  0.66 0.24
  326 V    -1  -4  -4  -5  -1  -3  -4  -4  -4   3   1  -4   1  -1  -4  -3  -1  -4  -3   5    2   0   0   0   1   1   0   0   0  19  13   0   2   1   0   0   2   0   0  58  0.75 0.27
  327 Q     0   3  -1  -2  -2   1  -1  -3  -2  -3   0   3  -1  -3  -2   1   2  -4  -2  -2    7  18   1   0   0   7   0   0   0   0   9  29   1   0   0   8  19   0   0   0  0.38 0.19
  328 W     0   2   3   3  -3   1   0  -2  -1  -3  -3   2  -2  -3  -2   0  -1   4  -2  -3    7  15  18  18   0   4   3   1   1   0   1  16   0   0   0   5   1   6   1   1  0.38 0.15
  329 R    -3  -2  -4  -4  -5  -3  -3  -4  -4  -5  -5  -3  -5  -6   8   1  -2  -6  -5  -5    0   2   0   0   0   0   0   0   0   0   0   0   0   0  86  10   1   0   0   0  2.35 0.50
  330 Q     0   1   0   0  -3   2   2   0   1  -3  -3   2  -2  -3  -2   2   1  -2  -1  -3    7   5   4   2   0  13  20   5   3   0   0  15   0   1   0  16   8   1   2   0  0.31 0.14
  331 G    -1   2   0  -1  -2   5   1   1  -1  -2  -3   1  -1  -3  -3  -1  -1  -4  -2  -3    3  13   3   1   1  43   6  13   0   3   1   5   1   1   0   2   2   0   1   1  0.52 0.23
  332 G    -4  -4  -3  -5  -4  -4  -5   1  -2  -2   0  -4  -1   7  -5  -4  -4   1   3  -3    0   0   1   0   0   0   0  13   1   0   8   1   1  66   0   0   0   1   8   0  1.26 0.36
  333 F    -3  -3   2   7  -5  -2  -1  -2  -3  -4  -4  -3  -4   2  -4  -1  -2  -4   0  -4    0   0   8  72   0   0   1   1   0   0   1   0   0   9   0   2   1   0   4   0  1.28 0.37
  334 G    -2  -4  -5  -5  -3  -4  -4  -2  -5   2  -1  -4  -1  -3  -4  -3   0  -5  -3   6    0   0   0   0   0   0   0   4   0   9   0   0   0   0   0   0   4   0   0  84  1.19 0.39
  335 M    -3  -4  -5  -5  -3  -3  -4  -5  -4   5   2  -4   5  -2  -4  -3  -2   4  -2   2    0   0   0   0   0   0   0   0   0  46  12   0  24   0   0   0   0   7   0   9  0.92 0.31
  336 A     2  -4  -4  -4  -2  -3  -4  -4  -3   1   2  -3  -1  -2  -4  -2  -2  -4  -3   5   19   0   0   0   0   0   0   0   1   3  21   0   0   0   0   0   0   0   0  56  0.68 0.27
  337 A     1  -3  -3  -4   6  -3  -3  -3  -4  -2  -1  -3   4  -3  -3  -1   5  -4  -3  -2    9   0   0   0  17   0   0   0   0   0   3   0  14   0   0   1  54   0   0   0  0.94 0.35
  338 H    -1  -2   0   2  -3  -1   1   0   0  -3  -3   1   0  -4   4   2   0  -4  -3  -3    0   0   2  15   0   1  10   7   2   0   1  11   3   0  24  17   5   0   0   0  0.47 0.18
  339 N    -4  -3   8  -1  -5  -2  -3  -3  -2  -6  -6  -3  -5  -6  -5  -1  -2  -6  -5  -5    0   0  98   0   0   0   0   0   0   0   0   0   0   0   0   2   0   0   0   0  2.23 0.56
  340 Y    -3  -4  -5  -5  -3  -3  -4  -5  -3   1   5  -4   5  -1  -4  -4  -2  -2   3  -1    0   0   0   0   0   0   0   0   0   4  63   0  17   0   0   0   2   0  13   1  0.89 0.31
  341 D    -4  -4   1   2  -4  -4  -3  -4   0  -3  -2  -4  -2   7  -5  -3  -3  -1   5  -3    0   0   8  13   0   0   0   0   2   0   0   0   0  53   0   0   0   0  24   0  1.20 0.36
  342 G    -1  -5  -3  -4  -5  -4  -4   7  -4  -6  -6  -4  -5  -5  -4  -2  -4  -5  -5  -5    2   0   0   0   0   0   1  98   0   0   0   0   0   0   0   0   0   0   0   0  2.02 0.47
  343 D    -4  -4   3   7  -5  -2  -1  -3  -3  -5  -6  -3  -5  -6  -4  -1  -2  -6  -5  -5    0   0  13  83   0   0   0   1   0   0   0   0   0   0   0   2   2   0   0   0  1.73 0.44
  344 V    -3  -5  -5  -5  -3  -4  -5  -5  -4   6   0  -4   1  -1  -5  -4  -2  -4   2   2    0   0   0   0   0   0   0   0   0  73   3   0   2   1   0   0   0   0   8  13  1.13 0.35
  345 L    -2  -3  -4  -4  -3   1  -3  -5  -4   4   4  -3   1  -1  -4  -3  -2  -3  -3   1    1   0   0   0   0   9   1   0   0  29  51   0   1   0   0   0   0   0   0   7  0.69 0.26
  346 T     0  -3   1  -1  -3  -2  -2  -1  -3  -4  -4  -2  -3  -4  -3   6   2  -5  -4  -3    3   0   6   3   0   0   0   2   0   0   0   0   0   0   0  72  14   0   0   0  0.98 0.37
  347 D    -4  -4   3   7  -5  -2  -1  -3  -3  -5  -6  -3  -5  -6  -4   0  -3  -6  -5  -5    0   0  13  83   0   0   0   0   0   0   0   0   0   0   0   5   0   0   0   0  1.74 0.45
  348 E     0  -2  -2  -1  -1   0   4  -3  -2   2   2  -2   0  -1  -3  -1   0  -3  -2   1    7   0   0   0   1   2  35   1   0  16  21   0   1   2   0   1   4   0   0   8  0.29 0.18
  349 L     4  -3  -2  -4   5  -3  -3   1  -3  -2   0  -3  -2  -3  -3   0  -2  -4  -3   0   54   0   1   0  13   0   0   9   0   0  12   0   0   0   0   3   0   0   0   7  0.59 0.26
  350 A     5  -3  -2  -3  -2  -2  -2   1  -3  -3  -3  -2  -3  -4  -2   3   0  -4  -4  -2   59   0   1   0   0   0   0   9   0   0   0   0   0   0   1  25   5   0   0   0  0.78 0.31
  351 Q     3  -2  -2  -3  -3   2  -1   2  -3  -1  -1  -2   4  -3  -3   0  -1  -3  -3   1   27   0   0   0   0  15   2  18   0   2   0   0  20   0   0   4   1   0   0  11  0.37 0.21
  352 V    -2  -3  -4  -4  -1  -1  -3   0  -3   3   3  -3   1  -1  -4  -3  -2  -3  -2   2    1   0   0   0   1   3   1  10   1  26  43   0   1   0   0   0   0   0   0  11  0.45 0.19
  353 H     0  -3  -2  -3   0  -2  -2  -3   0   1  -1  -2  -1   1   2   0   3  -3   0   2    9   0   0   0   2   0   0   1   2   8   0   0   1   7  11   6  26   0   4  22  0.27 0.16
  354 K    -2  -4  -2  -3  -5  -4  -4   7  -4  -6  -6  -2  -5  -5  -4  -2  -4  -5  -5  -5    0   0   0   0   0   0   0  96   0   0   0   2   0   0   0   0   0   0   0   0  1.91 0.44
  355 S     0  -3  -2  -2  -3  -2  -3   4  -3  -5  -5  -2  -4  -5  -3   5   0  -5  -4  -4    2   0   0   0   0   0   0  39   0   0   0   0   0   0   0  56   3   0   0   0  1.04 0.36
  356 P    -1  -4  -4  -4  -3  -3  -4  -4  -4   4   3  -3   2  -1   2  -1  -1  -4  -3   0    3   0   0   0   0   0   0   0   0  32  41   0   4   0  10   5   3   0   0   2  0.55 0.22
  357 G    -2  -5  -1  -3  -5  -4  -4   7  -4  -6  -6  -4  -5  -5  -4  -2  -4  -5  -5  -5    1   0   2   0   0   0   0  97   0   0   0   0   0   0   0   0   0   0   0   0  2.00 0.46
  358 F    -3  -4  -4  -5  -3  -3  -4  -3  -4   2   4  -4   5   1  -4  -3  -2  -3  -1   2    0   0   0   0   0   0   0   2   0  14  44   0  24   4   0   0   0   0   1  11  0.71 0.25
  359 I     2  -3  -3  -4  -2  -2  -3  -3  -3   1   3  -3   4  -2  -3  -1   0  -3  -2   2   22   0   0   0   0   0   0   1   0   4  35   0  16   0   0   4   3   0   0  14  0.41 0.20
  360 T     1  -4  -4  -3  -4  -3  -3  -2  -4  -4  -3  -3  -4  -5   7  -2   2  -5  -4  -3   12   0   0   0   0   0   0   3   0   0   2   0   0   0  68   1  13   0   0   0  1.68 0.40
  361 S    -1  -3  -1  -2  -3  -2  -2   3  -3  -4  -4  -2  -4  -4  -3   6   0  -4  -4  -4    0   0   0   0   0   0   0  24   0   0   0   0   0   0   0  72   2   0   0   0  1.09 0.38
  362 N     5  -3  -1  -3   0  -1  -2   2  -3  -1  -2  -2  -2  -3  -2   0  -1  -4  -3   1   62   0   2   0   2   2   2  14   0   1   3   0   0   0   0   1   1   0   0   9  0.58 0.25
  363 L    -2  -2   5  -1  -3  -2  -2  -2  -2  -3   1  -2  -2  -3  -3   4  -1  -4  -3  -3    1   0  39   1   0   0   0   0   0   0  16   0   0   0   0  41   1   0   0   0  0.75 0.31
  364 V    -2  -3  -4  -4  -2  -3  -3  -3  -1   3   3  -3   2   1  -3  -2  -1  -2   1   2    0   0   0   0   0   0   0   1   2  25  35   0   4   6   0   2   2   0   5  16  0.43 0.16
  365 G     1  -1   1   1   2  -1  -1   3  -1  -2  -2  -1  -2  -2  -1   1   0  -2  -2  -2    9   2   9  11   7   1   2  26   1   2   3   2   1   1   2  12   6   0   1   2  0.22 0.07
  366 V     2  -1   0   0  -1   0   1   0  -1  -1  -1   0  -1  -1   0   1   0  -1   0   0   25   2   4   6   1   3  11   6   1   3   4   3   1   2   4  11   3   1   3   6  0.10 0.04
  367 H     0   0   1   1  -1   0   1  -1   1  -1  -1   0  -1  -1  -1   1   0  -2  -1  -1    5   3   9  11   1   4   9   4   6   5   8   4   1   1   2  15   7   1   1   3  0.08 0.03
  368 E     0   0   0  -1  -1  -1   0   2  -1  -2  -1   0  -1  -1   4   0  -1  -1   0  -1    5   5   4   3   1   2   5  18   1   2   7   4   1   2  24   4   3   1   4   3  0.28 0.06
  369 D     0   0   2   3  -2   0   1   0  -1  -2  -2   0  -1  -2   2   0   0  -2  -1  -1    6   3  10  21   1   3   8   5   1   2   4   6   1   2  10   6   6   1   1   3  0.19 0.04
  370 G    -1  -1   1   0  -3  -1   0   5  -2  -2  -3  -1  -2  -3  -2  -1  -1  -2  -2  -2    2   4   6   5   0   1   6  56   1   3   2   2   1   1   1   3   3   0   1   2  0.59 0.16
  371 T     0   2   0   1  -2   0   1  -1   1  -2  -2   2  -1  -1   0   0   1  -2  -1  -1    6  12   4   8   0   1   6   3   4   1   3  22   1   4   4   5   9   0   2   3  0.14 0.06
  372 L     0   0   1   1  -2   0   0   1  -1  -1  -1   0  -1   0   0   0   1  -2  -1  -1    9   5  11   8   0   2   7   9   1   3   4   5   1   6   3   6  15   0   1   4  0.07 0.04
  373 I    -1  -1  -1  -2  -1  -1  -2  -3   1   1   0   0   1   3   2  -2  -1  -1   3   1    3   3   2   1   1   1   1   1   4  12   3   7   5  21  10   1   2   0  12  11  0.20 0.10
  374 K     2  -1  -1  -2  -1  -1  -1   3  -1  -2  -2  -1  -2   0  -1   1  -1  -2  -2  -1   25   3   1   1   1   1   1  30   1   1   2   4   0   6   1  15   1   0   1   4  0.29 0.11
  375 E    -2  -3  -3  -1  -3  -2   2  -4  -3   1   3  -2   4  -1  -3  -2  -2  -3  -2   1    1   0   0   3   0   0  17   0   0   9  37   0  18   1   0   2   0   0   1  11  0.39 0.19
  376 F     0  -3  -4  -4  -4  -1  -4  -4  -2  -3  -2  -2  -1   6  -4   0  -3  -1   6  -3    8   0   0   0   0   3   0   0   0   0   0   2   1  43   0   8   0   0  34   0  1.05 0.33
  377 E    -3  -2  -2  -1  -6   0   7  -2  -2  -5  -5  -1  -4  -5  -3  -2  -3  -5  -1  -5    0   0   0   0   0   0  93   3   0   0   0   0   0   0   0   0   0   0   3   0  1.68 0.48
  378 A     3  -4  -4  -3  -4  -3  -3  -2  -4  -2  -4  -3  -4  -5   7  -1  -3  -5  -4  -3   28   0   0   0   0   0   0   2   0   2   0   0   0   0  65   2   0   0   0   0  1.65 0.40
  379 S     2  -3  -3  -3   3  -3  -3   0  -3   2  -1  -3  -1  -2  -3   0   0  -4  -3   3   20   0   0   0   8   0   0   8   0  18   0   0   0   0   0   9   6   0   0  29  0.32 0.17
  380 H    -1  -2  -2  -3  -4  -2  -2   1  10  -4  -4  -1  -3  -1  -4  -3  -3  -4  -1  -4    4   0   0   0   0   0   1  10  75   0   1   3   0   3   0   1   0   0   0   1  1.81 0.44
  381 G    -2  -3  -2  -1  -4  -3  -2   7  -1  -5  -5  -3  -4  -4  -3  -2  -3  -4  -4  -4    1   0   0   3   0   0   3  86   2   0   1   0   0   0   0   1   0   0   0   1  1.52 0.36
  382 T    -1  -2   0  -2  -2  -2  -2  -2  -3  -3  -2  -2  -3  -4  -2   5   4  -4  -3  -2    2   0   3   0   0   0   0   0   0   0   3   0   0   0   0  61  26   0   0   2  0.84 0.32
  383 V     5  -3  -3  -3  -2  -2  -3   0  -3  -2  -2  -2  -2  -3  -2  -1  -2  -1  -3   2   72   0   0   0   0   0   0   5   0   0   1   0   0   0   0   0   0   1   0  17  0.82 0.31
  384 A    -1  -4  -3  -3   0  -2  -3  -1   0  -4  -4  -3  -4  -1   7   0   1  -1  -4  -4    5   0   0   0   2   1   0   3   2   0   0   0   0   3  65   7  11   1   0   0  1.47 0.36
  385 D    -3   3   0   6  -5  -1  -1  -3  -3  -5  -5   2  -4  -5  -3  -2  -2  -5  -4  -5    0  22   1  63   0   0   0   0   0   0   0  11   0   0   0   0   1   0   0   0  1.21 0.35
  386 M    -3  -3  -2  -1  -3  -3  -2  -4   5   5   0  -3   1  -2  -4  -3  -2  -3   1   0    0   0   1   3   0   0   3   0  19  58   6   0   2   0   0   0   0   0   5   0  0.75 0.29
  387 D     1  -1  -1   0  -1   0   0  -1   0   0  -1   0   0   1   1   0   0   0   1   0   13   3   2   5   1   3   5   4   1   5   5   6   1   6   8   5   7   1   9   8  0.04 0.01
  388 E     0   2   0   0  -1   0   0   2   1  -1  -1   0   0   0   0   0   0  -1  -1  -1    5  14   3   3   1   2   6  19   4   4   5   7   3   5   3   4   5   1   2   4  0.07 0.02
  389 A     0   0   0   0  -1   1   1  -1   0   0   0   1   0  -1   0   0   0  -1  -1   0    9   4   3   3   1  12   8   5   1   3  13  10   3   2   3   4   4   1   2   8  0.04 0.01
  390 R     0   0   2   1  -1   0   1   0   2  -1  -1   0  -1  -1   0   0   0  -1   0  -1    5   6  12  10   1   3   8   5   9   3   7   4   1   2   4   6   4   1   5   4  0.07 0.01
  391 L     0   0  -1   0  -1   2   0  -1  -1   1   1   0   0  -1   0   0   0  -1  -1   0    6   3   3   4   1  17   4   5   1  15  14   4   1   2   3   4   4   1   2   4  0.04 0.02
  392 R     1   1   0   0  -1   1   0   0  -1  -1  -1   2   0  -1   0   0   0  -1  -1  -1   20   6   3   3   1   5   4   4   1   4   5  19   3   2   3   4   5   1   2   4  0.07 0.02
  393 G     4  -2  -2  -2  -2  -1  -2   3   0  -2  -2  -1  -2  -2  -2   0  -1  -2  -2  -1   52   1   1   1   0   1   1  23   3   1   2   2   1   1   1   3   1   0   1   3  0.48 0.17
  394 E    -1   1   0  -1  -3   0   0   5  -2  -2  -3   0  -2  -3  -2  -1  -2  -3  -3  -3    1   9   3   2   0   5   5  58   0   3   2   5   0   1   1   1   1   0   1   1  0.67 0.18
  395 E     0   1   1  -1  -3   3   2  -2  -1  -3  -1   3  -1  -3   0  -1  -1  -3  -2  -2    6   3   6   2   0  22  14   1   0   1   6  30   1   1   3   1   2   0   1   1  0.38 0.15
  396 T    -1  -2   3   3  -3  -1  -1   3  -2  -3  -3  -1  -2  -3  -2   0   2  -3  -3  -2    1   1  21  17   0   2   1  31   0   1   1   1   0   1   1   3  14   0   0   3  0.45 0.16
  397 S    -1  -1  -1  -2  -1  -1  -1  -3  -2   4   0   2   0  -2  -1   1  -1  -3  -2   1    4   2   2   0   1   0   2   1   0  36   5  22   1   0   2  14   1   0   0   5  0.25 0.16
  398 L     5  -2  -2  -3  -2  -2  -2  -1  -3   0  -1  -2  -2  -3  -2   0   2  -3  -3   1   60   1   1   1   0   1   1   2   0   3   3   1   0   0   1   1  13   0   0  11  0.54 0.23
  399 N    -2  -3   8   1  -5  -2  -2  -3  -2  -6  -6  -3  -5  -5  -4  -2  -2  -6  -5  -5    2   0  92   6   0   0   0   0   0   0   0   0   0   0   0   0   0   0   0   0  2.00 0.52
  400 P    -2  -4  -4  -4  -5  -4  -3  -4  -5  -5  -5  -3  -5  -6   8   0  -3  -6  -5  -5    2   0   0   0   0   0   0   0   0   0   0   0   0   0  91   7   0   0   0   0  2.58 0.54
  401 L    -2  -3  -3  -4  -1  -3  -3  -2  -4   4   1  -3   0  -1  -3  -1   3  -4  -2   2    1   0   0   0   1   0   0   3   0  33  15   0   1   1   0   4  26   0   0  15  0.44 0.20
  402 G     6  -3  -3  -4  -2  -3  -3   1  -4  -3  -2  -3  -3  -4  -3   1  -2  -4  -4  -2   81   0   0   0   0   0   0  10   0   0   2   0   0   0   0   7   0   0   0   0  1.06 0.37
  403 M     1  -2  -2  -3  -1   2  -1  -3  -2  -1   1  -2   5  -2  -3   1   3  -3  -2   0   10   0   0   0   1  12   2   0   0   1  12   0  23   1   0  14  20   0   0   3  0.34 0.21
  404 V    -2  -4  -5  -5  -3  -4  -5  -5  -5   6   2  -4   0   0  -4  -4  -2  -4  -3   2    2   0   0   0   0   0   0   0   0  67  20   0   0   3   0   0   1   0   0   6  0.98 0.31
  405 E    -1  -2  -3  -4  -3  -3  -2  -4  -3   0   5  -3   1   2  -4  -3  -2   1  -1  -1    5   1   1   0   0   0   3   0   0   0  71   0   2  10   0   1   0   2   1   0  0.70 0.26
  406 G     2  -3  -1  -2   0  -2  -2  -1  -3  -3  -3  -2  -3  -4  -2   5   1  -4  -3  -3   15   0   0   0   2   0   0   3   0   0   2   0   0   0   0  67   8   0   0   0  0.83 0.32
  407 L     3  -3  -3  -3  -2  -2  -3   0  -3   0   0  -2  -1   0  -3   1  -1   6  -1   2   28   0   0   0   0   0   0   6   0   2  12   0   0   4   0  16   2  12   0  17  0.34 0.18
  408 I     4  -2  -2  -3   3  -2  -1  -1  -3   0  -2  -2  -2  -3  -2   2   2  -4  -3   0   45   1   0   0   9   0   2   2   0   4   2   0   0   0   0  14  13   0   0   7  0.43 0.21
  409 G    -2   2  -1  -4  -3  -1  -3  -1  -3   1   2  -2   8  -2  -4  -2  -2  -3  -3  -1    2  11   3   0   0   2   0   5   0   5  18   0  52   0   0   1   0   0   0   0  0.85 0.33
  410 A     0  -3  -4  -5   0  -3  -4   1   0  -1   2  -3   8  -2  -4  -3  -3  -4  -3  -1    9   0   0   0   2   0   0  11   2   0  18   1  57   0   0   0   0   0   0   0  1.03 0.38
  411 M    -3  -4  -5  -5  -1  -4  -5  -5  -4   0   5  -4   3   1  -5  -4  -3  -3  -1   0    0   0   0   0   1   0   0   0   0   2  84   0   6   4   0   0   0   0   1   2  1.10 0.34
  412 N     0   5   1   1  -4   0   2  -1  -2  -2  -2   2   0  -4  -3  -1  -2  -4  -2  -2    7  40   7   9   0   1  12   3   0   2   2  11   3   0   0   1   0   0   1   1  0.46 0.20
  413 H    -3  -1  -2  -3  -4   0  -2  -4   8  -2   0  -2  -2   1  -4  -3  -3   0   6  -3    0   3   0   1   0   4   2   0  41   1   9   1   0   3   0   0   1   1  33   0  1.16 0.35
  414 A     0   2  -1  -2  -2  -1  -1  -1  -2   0   1  -1   2  -1  -2   3   0  -2  -2  -1    5  14   1   1   0   1   3   4   0   4  20   1   6   2   1  31   3   0   1   2  0.16 0.11
  415 A     0  -2  -1  -1  -1  -2  -2   3  -2  -1   1  -2   1   3  -2  -1  -2  -1   0  -1    8   1   1   3   1   1   1  34   0   1  16   1   4  16   1   4   1   0   3   1  0.26 0.11
  416 D    -1   0   2   2  -2   0   1   1   0  -2  -2   2  -1  -2  -1   0  -1   1  -1  -2    4   3  12  14   1   3   9  12   2   2   4  16   1   1   2   4   2   3   3   2  0.16 0.06
  417 V     0   0  -1  -1  -1   0   0  -1  -1   0   2  -1   2   1  -1  -1   0  -1   0   0    7   4   2   3   1   6   6   4   1   2  30   3   7   6   3   3   4   0   2   6  0.05 0.04
  418 H     0  -1   0   3  -2   0   2   0   1  -1  -1   0  -1  -1   0   0   0  -2  -1  -1    7   2   4  23   1   2  15   6   4   3   5   4   1   2   3   5   4   1   2   6  0.15 0.05
  419 N     0   0   1   1  -1   1   1   1   0  -1  -1   1  -1  -2   0   0   0  -1  -1  -1   11   5  11   7   1   5  13   9   3   2   5   8   1   2   3   5   4   1   1   3  0.10 0.03
  420 I     1  -1   0   0  -1   0   0   0  -1   0   0   0   0   0   0   0   0   0  -1   0   18   3   3   4   1   3   8   5   1   9  11   3   1   3   4   4   7   2   2   7  0.02 0.01
  421 D     1   0   0   1  -1   0   1   1   0  -1  -1   0  -1  -1   0   0   0   0  -1  -1   12   4   4  12   1   4   7  12   2   4   7   4   2   3   5   6   4   1   2   5  0.05 0.01
  422 R     0   1   1   0  -1   0   1   0   0  -1   0   0   0  -1   0   0   0  -1   0  -1    9  10  10   6   1   4  10   6   1   3  11   5   1   2   3   5   6   1   3   4  0.04 0.01
  423 D     0  -1   0   1  -1   0   1  -1  -1   0   0   0   0  -1   1   0   0  -1  -1   0    8   3   4   9   1   4   9   4   1   6  15   5   2   3   8   4   4   1   2   8  0.04 0.01
  424 R     0   1   0   1  -1   1   1   0   0   0   0   1   0  -1   0   0   0  -1  -1   0    6  10   3  11   1   5   8   5   2   5   9  10   2   2   3   4   4   1   2   7  0.04 0.01
  425 T     0  -1  -1  -1   0   0   1  -1   0   0   1  -1   0   0  -1  -1   0   3   0   0   10   3   2   3   2   6  10   3   2   2  24   3   1   5   2   3   4   5   3   6  0.05 0.04
  426 H     0   0   1   0  -1   1   0  -1   1   0   0   0   0  -1   1   0   0  -1  -1   0   11   4   7   5   1   6   4   3   5   5  10   7   2   2   7   4   7   0   2   8  0.04 0.01
  427 A     1   0   0   1  -2   0   1  -1   0  -1  -1   1  -1  -1   0   0   0  -2   0  -1   19   4   2  12   1   3  11   2   2   2   4  11   1   3   5   7   5   0   3   5  0.10 0.05
  428 F     1  -1  -1  -1  -2   0   1  -1   1  -1  -1  -1  -1   3  -1   0  -1   1   2   0   16   2   3   3   1   3  13   4   4   4   6   2   1  16   2   4   3   2   8   5  0.09 0.06
  429 T     5  -3  -2  -3  -1  -2  -2   0  -1  -2  -3  -2  -2  -3  -2   0   0  -4  -2  -1   71   1   2   1   1   0   2   5   1   1   1   1   0   0   1   4   5   0   1   2  0.80 0.32
  430 T     0   0   1   3  -2   1   1  -2   1  -2  -2   1  -1  -3  -2   0   1  -3  -2  -2    8   4   7  25   1   9   9   1   4   2   2   8   2   0   0   3  13   0   0   2  0.28 0.14
  431 K     1   3  -1   1  -2   0   0  -2   0   0   0   2  -1  -3  -2   0  -1  -3  -2  -1   18  19   1   7   0   3   3   1   2   6  11  17   1   0   1   4   3   0   0   1  0.18 0.13
  432 M    -1  -2  -4  -4  -3  -3  -4  -3  -4   5   3  -4   2  -2  -4  -3  -2  -4  -3   2    3   3   0   0   0   1   0   3   0  47  25   0   4   0   0   0   0   0   0  13  0.71 0.27
  433 R    -2   1  -1   1  -5   0   6  -3  -1  -4  -3   0  -1  -4  -3   0  -2  -2  -1  -3    1   9   1   6   0   1  61   0   1   0   2   2   2   0   0   6   2   1   2   2  0.86 0.34
  434 T     1   1   2   1  -3   1   1  -1   0  -3  -3   2  -2  -3  -2   1   1  -2  -1  -2   15   5  11   6   0   8   5   4   2   0   1  20   0   0   0  10   8   0   1   1  0.25 0.14
  435 V     6  -3  -3  -4  -3  -3  -3  -1  -3  -2  -3  -2  -3  -4  -1   0  -1  -4  -4   1   74   0   0   0   0   0   0   2   0   1   1   1   0   0   2   4   1   0   0  11  0.97 0.39
  436 I    -2  -4  -4  -5   3  -4  -4  -4  -5   3   0  -2   1  -3  -4  -3  -1   0  -3   5    1   0   0   0   8   0   0   1   0  18   3   2   4   0   0   1   3   1   0  58  0.88 0.35
  437 H     0   0   0   1  -3   0   1  -1   1   0  -1   1   0  -1  -2   1   0  -2   1  -1    9   5   4   7   0   3  14   3   4   8   4  13   3   2   0   9   2   0   5   4  0.08 0.07
  438 Q     1   1   0   1  -3   2   1   0  -1  -3  -2   2  -1  -3  -2   0   1  -3  -1  -2   13   8   5   8   0  11   8   5   0   0   4  17   1   0   1   6   8   0   2   2  0.20 0.12
  439 L     2  -3  -2  -2  -1  -3  -3  -2  -4   0   0  -2  -1  -2  -3   0   3  -4  -2   4   17   0   1   2   1   0   0   1   0   2   5   1   0   1   0   5  21   0   1  41  0.47 0.27
  440 F    -2  -2  -4  -4  -3  -1  -2  -5  -4   3   4  -2   1   0  -4  -3  -1  -3  -1   2    1   2   0   0   0   4   2   0   0  24  45   2   1   3   0   0   3   0   1  12  0.56 0.25
  441 R     2   0   0   2  -3   1   3  -1  -2  -2  -3   2  -2  -4  -2   0  -1  -4  -3  -1   24   5   5  15   0   4  20   2   0   2   1  12   0   0   0   4   2   0   0   4  0.31 0.18
  442 E     1   0   1   2  -3   2   3   0   0  -3  -3   1  -2  -4  -2   1   0  -3  -3  -3   12   2   5  10   0  10  21   7   2   0   2  11   0   0   0  14   3   0   0   1  0.32 0.17
  443 G    -1  -1  -1   0  -4  -3  -3   6  -1  -5  -5  -1  -4  -5  -4  -1  -3  -4  -2  -5    2   3   2   5   0   0   1  73   2   0   0   5   0   0   0   3   1   0   1   0  1.26 0.39
  444 K    -1   0  -1  -2  -2   0  -1  -3  -1   2   1   2  -1   1  -2  -1  -1  -2   3   1    4   3   3   2   0   4   1   1   1  16  11  19   0   7   2   1   3   0  12  10  0.13 0.13
  445 G    -2   5  -2  -3   2  -1  -2  -2  -1  -1   0   0   4  -1  -2  -2   0  -4  -2   0    2  41   0   0   5   1   0   4   2   3   8   4  14   2   1   0   5   0   0   8  0.49 0.26
  446 T    -2  -4  -3  -3  -4  -3  -3  -3  -4  -3  -4  -3  -3  -5  -3  -1   7  -5  -4  -3    1   0   0   1   0   0   1   2   0   1   0   0   0   0   1   1  92   0   0   0  1.86 0.62
  447 R     2   3  -2  -3  -3  -1  -1   2  -2  -2  -3   2  -2  -3   3  -1  -2  -3   1  -3   21  16   0   0   0   1   2  14   0   2   1  18   1   1  15   2   0   0   5   0  0.40 0.22
  448 D    -2  -4  -2   8  -6  -3  -1  -4  -4  -6  -3  -3  -5  -6  -4  -3  -4  -7  -6  -6    3   0   0  92   0   0   2   0   0   0   3   0   0   0   0   0   0   0   0   0  2.16 0.62
  449 L    -3  -4  -4  -5  -3  -4  -5  -4  -5   4   4  -4   3   0  -4  -4  -3  -4  -3   1    1   0   0   0   0   0   0   1   0  34  49   0   6   2   0   0   0   0   0   5  0.90 0.33
  450 C     3  -1   0  -1   0  -1  -1   4  -2  -3  -3  -1   1  -2  -3  -1  -2  -3   0  -2   29   2   5   2   2   2   4  35   0   0   2   2   4   1   0   2   1   0   5   1  0.44 0.22
  451 G     0   2  -1  -3  -4  -3  -2   6  -2  -4  -4  -2  -4  -5  -3  -1  -3  -5  -5  -3    6  11   2   1   0   0   1  67   1   0   1   2   0   0   1   5   1   0   0   2  1.10 0.38
  452 P     0   0   1   1   0   1   1  -1  -1  -3  -3   1  -1  -3   2   2   1  -3  -3  -2    7   3   7   9   2   8   9   2   1   0   1   9   2   0   9  18  10   0   0   1  0.24 0.13
  453 S     2  -1   2   0  -2   1   0   1   1  -2  -3   1  -1  -3  -1   2   1  -3  -2  -2   21   2  10   3   0   5   5  12   4   1   1   8   1   0   1  15   9   0   0   1  0.21 0.13
  454 G     0   0   0  -1  -2   0   0   1   0  -1  -1   1  -1   1   0   0  -1   1   3  -1    8   3   5   2   1   4   6  11   2   2   8  10   1   4   3   5   3   2  16   5  0.08 0.05
  455 L     0  -1  -2  -2   0  -2  -2  -2  -2   1   2  -2   0  -1  -2  -1   0  -2  -1   3    5   4   1   2   2   1   2   2   1   7  27   2   1   1   1   4   5   0   2  29  0.20 0.11
  456 T    -1  -2   2  -1  -2  -2  -2   2  -3  -4  -4   1  -3  -4  -3   4   3  -4  -4  -3    1   1  11   1   0   0   0  16   0   0   0   9   0   0   0  33  25   0   0   1  0.59 0.30
  457 T    -3  -4  -2  -4   5  -4  -4  -4  -5  -4  -4  -4  -4  -5  -4   0   7  -5  -5  -3    0   0   1   0  10   0   0   0   0   0   0   0   0   0   0   3  85   0   0   0  1.83 0.62
  458 E     1   0   0   1  -3   1   2  -2  -1  -2  -2   1  -1  -2  -2   2   2  -4  -3  -1    9   5   5   6   0   7  14   1   1   1   1   8   2   2   1  19  15   0   0   6  0.22 0.15
  459 Q     0  -2  -2   2  -5   3   6  -2  -3  -3  -5  -2  -3  -5  -3  -1  -2  -5  -4  -4    9   0   0  12   0  14  57   3   0   1   0   0   0   0   0   2   1   0   0   0  1.04 0.41
  460 F    -4  -5  -5  -6  -4  -4  -5  -5  -4   1  -1  -5   7   6  -5  -4  -3  -3   2   3    0   0   0   0   0   0   0   0   0   7   1   0  33  33   0   0   0   0   6  20  1.20 0.44
  461 I     1  -4  -3  -3  -1  -2  -3   5  -4   1  -1  -3  -1  -2  -4  -1   2  -4  -4   0   11   0   0   0   1   1   0  45   0  11   4   0   2   1   0   1  17   0   0   7  0.60 0.27
  462 D    -1  -1   2   6  -5  -1   2  -2   0  -5  -5   0  -4  -5  -4  -1  -2  -6  -5  -4    4   3  11  55   0   2  15   2   2   0   0   4   0   0   0   2   1   0   0   1  1.05 0.37
  463 A     4   0  -3  -2   0   0   1  -2  -3  -1  -2   0  -2  -3  -3  -1  -1  -4   0   0   51   5   0   1   2   3  12   1   0   4   3   6   0   0   0   2   2   0   4   4  0.42 0.26
  464 V    -3  -5  -5  -6  -3  -5  -5  -6  -6   5   1  -5   0  -3  -5  -4  -3  -5  -4   5    0   0   0   0   0   0   0   0   0  45   7   0   2   0   0   0   0   0   0  46  1.23 0.42
  465 A     2  -1  -3  -4   1  -3  -2  -2  -3   3   2  -1   0  -2  -3  -1  -1  -4  -2   2   27   3   0   0   4   0   2   1   0  20  20   3   1   0   0   3   2   0   1  14  0.29 0.19
  466 E     2   0   1   2  -3   0   3  -1  -2  -3  -4   2  -3  -4  -3   1  -1  -2  -3  -2   24   4   5  13   0   3  21   2   0   0   0  15   0   0   0   9   2   0   0   1  0.39 0.21
  467 R     2   3   2  -2  -2   0   1  -2   2  -2  -2   2  -2  -2  -3  -1  -1  -4  -1  -2   25  17  13   0   0   1  11   0   7   3   2  13   0   2   0   2   2   0   2   1  0.31 0.20
  468 L    -3  -4  -5  -6  -3  -4  -5  -6  -5   2   5  -4   4  -1  -5  -4  -3  -4  -3   2    0   0   0   0   0   0   0   0   0  10  67   0  10   2   0   0   0   0   0  11  1.06 0.37
  469 D    -1   0   1   3  -4   2   3  -2  -2  -4  -4   4  -3  -4  -2   0  -2  -4  -3  -3    2   1   6  17   0  11  21   2   0   0   0  33   0   0   0   6   0   0   0   1  0.58 0.22
  470 A     4  -2  -1  -2  -2  -1  -1  -1  -2  -3  -3  -1  -2  -3  -2   4   0  -4  -3  -2   58   0   0   0   0   0   0   0   0   0   0   0   0   0   0  42   0   0   0   0  0.69 0.19

                      K         Lambda
Standard Ungapped    0.1344     0.3192
Standard Gapped      0.0411     0.2670
PSI Ungapped         0.1342     0.3175
PSI Gapped           0.0411     0.2670
