
Last position-specific scoring matrix computed, weighted observed percentages rounded down, information per position, and relative weight of gapless real matches to pseudocounts
            A   R   N   D   C   Q   E   G   H   I   L   K   M   F   P   S   T   W   Y   V   A   R   N   D   C   Q   E   G   H   I   L   K   M   F   P   S   T   W   Y   V
    1 M    -1  -1  -2  -3  -2   0  -2  -3  -2   1   2  -1   6   0  -3  -2  -1  -2  -1   1    0   0   0   0   0   0   0   0   0   0   0   0 100   0   0   0   0   0   0   0  0.36 0.01
    2 D    -2  -1   1   5  -3   0   1  -2   6  -3  -3  -1  -2  -2  -2  -1  -1  -3   0  -3    0   0   0  55   0   0   0   0  45   0   0   0   0   0   0   0   0   0   0   0  0.64 0.00
    3 S     1  -1   0  -1  -2  -1  -1   4  -1  -3  -3  -1  -2  -3  -1   3   0  -3  -2  -2    0   0   0   0   0   0   0  45   0   0   0   0   0   0   0  55   0   0   0   0  0.50 0.00
    4 E     0   0   0   1  -2   1   4  -1   0  -3  -3   0  -2  -3  -1   3   0  -3  -2  -2    0   0   0   0   0   0  55   0   0   0   0   0   0   0   0  45   0   0   0   0  0.45 0.00
    5 G     0  -2   0  -1  -3  -2  -2   6  -2  -4  -4  -2  -3  -3  -2   0  -2  -3  -3  -3    0   0   0   0   0   0   0 100   0   0   0   0   0   0   0   0   0   0   0   0  1.05 0.00
    6 V     0   0  -1  -2  -2   0  -1  -2  -2   1   0   3   0  -2  -2  -1   0  -3  -2   3    0   0   0   0   0   0   0   0   0   0   0  45   0   0   0   0   0   0   0  55  0.16 0.00
    7 V    -1  -2  -3  -3  -1  -1  -2  -3  -3   2   1  -2   4  -1  -3  -2   0  -2  -1   3    0   0   0   0   0   0   0   0   0   0   0   0  42   0   0   0   0   0   0  58  0.29 0.01
    8 A     3  -2  -1   3  -1  -1   0   0  -2  -2  -2  -1  -2  -3  -1   1   0  -3  -2  -1   72   0   0  28   0   0   0   0   0   0   0   0   0   0   0   0   0   0   0   0  0.34 0.01
    9 A     3  -2  -2  -2  -1  -1  -1  -1  -2   1   0  -1   0  -2  -1   0   1  -3  -2   1   55   0   0   0   0   0   0   0   0  18   0   0   0   0   0   0  14   0   0  14  0.20 0.01
   10 K    -1   0  -2  -2  -2   0  -1  -3  -2   1   1   2   0  -1  -2  -1  -1  -3  -2   2    0   0   0   0   0   0   0   0   0   0  18  40   0   0   0   0   0   0   0  42  0.14 0.01
   11 V     0  -3  -3  -3  -1  -3  -3  -4  -3   3   1  -3   1  -1  -3  -2   0  -3  -1   4    0   0   0   0   0   0   0   0   0  13   0   0   0   0   0   0   0   0   0  87  0.40 0.03
   12 A     4  -2  -2  -2  -1  -1  -1   0  -2  -2  -2  -1  -1  -3   3   1   0  -3  -2  -1   87   0   0   0   0   0   0   0   0   0   0   0   0   0  13   0   0   0   0   0  0.47 0.03
   13 D     0  -2   2   3  -2  -1   0  -1  -1   0  -1  -1  -1  -2  -2   2   0  -4  -2   1    0   0  13  28   0   0   0   0   0   0   0   0   0   0   0  29   0   0   0  30  0.21 0.01
   14 E    -1  -1  -1   1  -3   1   4  -2  -1  -3  -3   0  -2  -3   4   0   1  -3  -2  -2    0   0   0   0   0   0  58   0   0   0   0   0   0   0  29   0  13   0   0   0  0.69 0.02
   15 T     1  -1   2   0  -2   2   2  -1  -1  -2  -2   0  -1  -3  -1   1   2  -3  -2  -1   17   0  17   0   0  10  24   0   0   0   0   0   0   0   0   9  23   0   0   0  0.28 0.02
   16 T     1  -2  -1  -2  -1  -1  -2  -2  -2   0   2  -1   2  -1  -2   0   3  -2  -2   0   24   0   0   0   0   0   0   0   0   0  26   0  10   0   0   0  40   0   0   0  0.20 0.02
   17 K    -1   2   0  -1  -3   3   1  -2  -1  -3  -3   4  -1  -3  -1   1  -1  -3  -2  -2    0   0   0   0   0  24   0   0   0   0   0  65   0   0   0  10   0   0   0   0  0.49 0.04
   18 P    -1  -3  -3  -2  -3  -2  -2  -3  -3  -1   1  -2  -1  -2   7  -2  -1  -3  -3  -1    0   0   0   0   0   0   0   0   0   0  29   0   0   0  71   0   0   0   0   0  1.31 0.06
   19 A     2   2  -1  -1  -1   0  -1   0  -1  -2  -2   0  -1  -2  -1   1   0   4  -1  -1   41  16   1   1   0   1   1   2   0   1   2   1   1   1   1  16   1   9   1   1  0.22 0.02
   20 I    -1  -1   1  -1  -1  -1  -1  -2  -1   2   2  -1   1   0  -2   1   0  -2  -1   1    2   1  10   1   0   1   1   2   0  21  36   1   1   1   1  17   1   0   1   1  0.09 0.01
   21 Q     1  -1  -1  -1  -1   2   0  -1  -1  -2  -2   0  -1  -2   4   1   0  -2  -2  -1   22   1   1   1   0  21   1   2   0   1   2   1   1   1  25  16   1   0   1   1  0.38 0.02
   22 E    -1   0  -1   0  -2   0   3  -2  -1   0   2   1   0  -1  -1  -1  -1  -2  -1  -1    2   1   1   1   0   1  36   2   0   1  36  10   1   1   1   2   1   0   1   1  0.16 0.02
   23 D     1  -1   2   3  -2   0   2  -1  -1  -2  -2   0  -2  -2  -1   0   0  -2  -2  -1   26   1  15  21   0   1  21   2   0   1   2   1   1   1   1   2   1   0   1   1  0.24 0.02
   24 G    -1   2  -1  -1  -2   0  -1   2  -1  -2  -2   1  -1   1   3  -1  -1  -1   0  -2    2  16   1   1   0   1   1  21   0   1   2  10   1  15  21   2   1   0   1   1  0.27 0.01
   25 A     3  -1  -1  -2  -1  -1  -1  -1  -2   0   1  -1   0  -1  -1   0   1  -2  -1   0   45   1   1   1   0   1   1   2   0   1  22   1   1   1   1   2  15   0   1   1  0.14 0.02
   26 E     0   0   0   0  -1   2   2  -1   0  -1  -1   0  -1  -1  -1   0   1  -1   1  -1    3   2   2   2   1  17  22   3   1   2   4   2   1   2   2   3  17   1  10   3  0.15 0.01
   27 S     1  -1   0   0  -2   0   2  -1  -1  -3  -3   0  -2  -3  -1   4   1  -3  -2  -2    1   0   0   0   0   0  19   1   0   0   1   0   0   0   0  74   0   0   0   0  0.44 0.06
   28 K     2   2  -1   1  -2   0   0  -1  -1  -2  -1   2  -1  -2  -1   0  -1  -3  -2  -1   38  11   0  11   0   0   0   0   0   0   9  27   0   0   0   0   0   0   0   0  0.19 0.05
   29 A     3  -2  -1  -2  -1  -1  -1  -1  -1  -1  -2  -1  -1  -1   2   2   0  -2   1   0   47   0   0   0   0   0   0   0   0   0   0   0   0   0  10  22   0   0   9   8  0.30 0.07
   30 G     0  -2  -2  -3   1  -1  -2   2  -2   0   0  -2   6  -2   0   0   1  -3  -2  -1    5   0   0   0   3   0   0  17   0   4   1   0  43   0   5   9  10   0   0   0  0.34 0.15
   31 M     2  -3  -3  -4  -3  -2  -3  -2  -3   0   0  -3   8  -2  -1  -1  -2  -3   0  -1   26   0   0   0   0   0   0   2   0   2   2   0  56   0   3   4   0   0   3   2  0.85 0.33
   32 T     4  -2  -2  -2  -2   0  -2   0  -2  -3  -3  -2  -2  -3   0   3   1  -4  -1  -2   49   0   0   0   0   3   0   4   0   0   0   0   0   0   4  31   6   0   2   1  0.56 0.23
   33 D    -2   0   2   6  -4  -1   0  -1   0  -4  -4  -1  -4  -4   0   0  -2  -5  -2  -2    1   6   8  53   0   2   4   5   3   0   0   2   0   0   4   8   0   0   2   4  0.68 0.24
   34 L    -2  -2  -3   1  -3  -1  -2  -4  -3   3   2  -2   1  -1   2  -2  -1  -3  -2   1    0   2   0  12   0   3   1   0   0  20  30   1   4   1  11   0   4   0   0  10  0.28 0.15
   35 L    -1  -4  -4  -4  -2  -3  -4  -4  -4   3   2  -4   0   0   0  -2  -1  -4  -1   4    2   0   0   0   0   0   0   0   0  20  16   0   1   3   4   3   1   0   2  49  0.57 0.23
   36 M    -3  -3  -4  -4  -3  -3  -4  -4  -3   3   1  -2   4   5  -4  -3  -1  -2   0   2    0   0   0   0   0   0   0   0   0  16   6   3  15  36   0   0   4   0   1  16  0.63 0.25
   37 L    -2  -4  -4   0  -3  -3  -2  -5  -4   0   5  -4   1   2  -4  -3  -3  -3  -2  -1    1   0   0   8   0   0   2   0   0   2  76   0   2   7   0   2   0   0   0   0  0.84 0.32
   38 T    -2   0  -1  -2  -3  -1   1  -3  -2  -1   3   3   3  -2  -2  -2  -1  -3  -2  -1    1   2   2   0   0   1   9   1   0   0  37  26  12   0   1   0   4   0   0   2  0.37 0.21
   39 D    -2  -2   3   6  -4   0   2  -1  -1  -5  -5  -1  -4  -5  -1   1  -2  -5  -4  -4    1   0  13  50   0   3  11   3   1   0   0   2   0   0   2  13   0   0   0   0  0.87 0.30
   40 K    -1  -2  -1   3  -4  -1   4   1   1  -3  -2   0  -3  -4   2  -1  -2  -4  -3  -1    4   0   2  17   0   0  34  10   5   0   3   4   0   0  12   2   0   0   0   6  0.42 0.19
   41 S     1  -1  -1   1  -2   1   3   1  -1  -2  -2   0  -2  -2  -1   1  -1  -2  -2  -1   11   1   1   9   1   5  31  12   1   1   3   6   1   1   2   8   2   0   1   3  0.26 0.10
   42 Q    -3   0  -2  -2  -5   6   1  -4  -1  -5  -4   5  -3  -5  -3  -2  -3  -4  -4  -4    0   2   0   0   0  40   6   0   1   0   0  49   0   0   0   0   0   0   0   0  1.21 0.42
   43 L    -4  -4  -6  -6  -3  -4  -5  -6  -5   0   6  -5   1  -2  -5  -5  -3  -4  -3   0    0   0   0   0   0   0   0   0   0   2  92   0   2   0   0   0   0   0   0   4  1.39 0.44
   44 Q    -3   6  -2  -3  -5   2  -1  -3   4  -4  -3   2  -1  -4  -4  -3  -3  -5  -3  -2    0  63   0   0   0   8   1   2  10   0   1   8   2   0   0   0   0   0   0   4  1.14 0.39
   45 A    -2   2  -2  -1  -4   3  -1  -3  -1   1  -1   4  -1  -1  -3  -2   0  -3   1  -1    2  13   0   2   0  15   2   0   1  13   4  33   1   2   0   0   6   0   5   1  0.37 0.22
   46 L    -4  -4  -6  -6  -4  -4  -5  -6  -5   0   6  -5   0  -1  -2  -5  -3  -4  -3  -1    0   0   0   0   0   0   0   0   0   2  94   0   0   1   2   0   0   0   0   0  1.42 0.45
   47 A     6  -4  -4  -4  -3  -3  -3  -2  -4  -4  -4  -3  -3  -5  -3   0  -1  -5  -4  -2   91   0   0   0   0   0   0   0   0   0   0   0   0   0   0   5   2   0   0   2  1.41 0.49
   48 M    -1   2   0   1  -3   1   3  -3  -1  -1   0   3   0  -3  -2  -1   0   1  -3  -2    5  10   2   9   0   5  22   0   1   4  10  21   2   0   0   2   6   2   0   0  0.27 0.15
   49 L    -3  -1  -4  -5  -3  -3  -4  -5  -4   2   4  -3   2  -2  -4  -2  -1  -4  -3   2    0   5   0   0   0   0   0   0   0   9  60   0   3   0   0   4   2   0   0  17  0.69 0.28
   50 L    -2  -4  -5  -5  -3  -4  -5  -5  -5   6   3  -4   1  -2  -5  -4  -2  -4  -3   3    1   0   0   0   0   0   0   0   0  52  24   0   2   0   0   0   0   0   0  21  0.95 0.33
   51 R    -3   5  -2  -4  -5  -2  -3  -5   6  -4  -2  -2  -3  -1  -5  -3  -4   2   6  -4    1  34   1   0   0   0   0   0  25   0   2   0   0   0   0   1   0   2  33   0  1.25 0.44
   52 N    -3   2   4  -2  -4  -2  -2   2   1  -4  -1   2  -3  -2  -4  -1  -2  -3   4  -4    0  13  28   0   0   0   0  15   3   0   7  15   0   0   0   2   0   0  17   0  0.50 0.26
   53 N    -3   0   1  -3  -5   6  -1  -2   4   0  -4   2  -3  -4  -4  -2  -2  -4  -1  -3    0   3   7   0   0  53   0   2  11   9   0  13   0   0   0   0   1   0   2   0  0.94 0.40
   54 E    -4  -3  -3  -1  -7  -1   8  -5  -3  -6  -6  -2  -5  -6  -4  -3  -4  -6  -5  -5    0   0   0   0   0   0 100   0   0   0   0   0   0   0   0   0   0   0   0   0  2.12 0.64
   55 E    -2   2   1   0  -5   3   5  -4  -2  -3  -4   0  -3  -5  -3  -2  -2  -5  -4   1    1  10   9   3   0  11  52   0   0   0   0   2   0   0   0   0   0   0   0  12  0.77 0.34
   56 L     3  -1   5  -1  -3   0  -1  -2  -2  -3  -3   1  -3  -4   1   0  -1  -5  -2  -3   27   2  40   1   0   3   2   0   0   1   2   8   0   0   7   3   1   0   2   0  0.59 0.29
   57 M    -1  -4  -5  -5  -3  -1  -4  -5  -4   5   3  -4   3  -1  -4  -3  -2  -4  -3   1    5   0   0   0   0   3   0   0   0  38  38   0  10   1   0   0   0   0   0   5  0.71 0.28
   58 M    -2   0  -1  -2  -4   4  -1   0   2  -1  -2   3   2  -2  -3  -2  -2  -3   2  -3    1   2   2   0   0  26   0   9   6   4   3  27   8   1   0   0   0   0   9   0  0.45 0.27
   59 S     0  -2   3   2  -3   0   1  -2   4  -3  -4  -1  -3  -3  -1   2   1  -4   1  -3    5   0  20  10   0   2  11   0  12   2   0   1   0   0   2  23   7   0   6   0  0.43 0.24
   60 Q    -3  -2  -3  -4   2   0  -3  -5  -4   4   3  -3   2   0  -4  -3   0  -3  -3   0    0   2   1   0   6   7   0   0   0  34  36   0   5   2   0   0   5   0   0   2  0.54 0.26
   61 A     0   0   0   0  -3   3  -1  -3   0   1  -2   3  -2  -3  -1   0   1  -3   0   0    6   3   5   5   0  18   1   0   2  12   0  23   0   0   2   4   8   0   5   5  0.22 0.18
   62 I    -3  -5  -5  -6   2  -5  -5  -5  -4   1   0  -5  -2   8  -6  -4  -4  -2   2   0    1   0   0   0   6   0   0   0   0   9   8   0   0  68   0   0   0   0   3   5  1.45 0.47
   63 K    -1   2   3   0  -3   1   1   0  -1  -3  -3   3  -2  -3   0   0  -1  -3   0  -3    5   9  15   3   0   7  11   5   0   0   1  27   0   0   3   5   3   0   4   1  0.33 0.17
   64 S    -1  -3   1  -2   0  -2  -2  -2  -3  -4  -4  -2  -3  -3  -3   6  -1  -4   1  -4    1   0   6   0   2   0   1   1   0   0   1   0   0   0   0  80   0   0   6   1  1.19 0.47
   65 E    -2  -2   0  -1  -4   1   5  -2  -2  -2  -1  -1  -2  -3   1  -2   1  -3   2   0    1   0   4   0   0   4  50   2   0   1   6   0   0   0   6   1   9   0   9   7  0.54 0.28
   66 T     1  -2   1   0  -2   0   0   2   0  -1  -2  -1  -2  -3   2   0   1  -3  -1  -1   16   0   9   6   0   4   5  15   3   5   1   2   0   0  12   3  11   0   3   3  0.19 0.11
   67 E    -2  -2  -2   4  -5   0   6  -3   1  -4  -4   0  -4  -4  -3  -2  -3  -4  -3  -4    3   0   0  20   0   1  62   1   4   0   1   6   0   0   0   1   0   0   0   1  1.09 0.39
   68 R    -3   5  -2  -3  -1   5  -1  -4   0  -3   0  -1  -2   0  -3  -2  -3  -3  -3  -3    1  38   0   0   1  35   1   1   2   0  13   0   0   4   0   1   0   0   0   1  0.83 0.36
   69 I     2  -1   0  -2   0   1  -2  -2   0   1   0  -2  -1  -2  -2   1  -1  -3  -2   2   25   3   4   0   2   9   1   1   3   9   5   0   1   1   0  10   1   0   0  23  0.17 0.15
   70 E    -1   0   1  -2  -3   3   1  -3  -2  -3  -2   5  -2  -3  -2  -1  -1  -3  -1   0    4   2   8   1   0  13   8   1   0   1   2  47   0   0   1   2   3   0   2   7  0.54 0.26
   71 Y    -3  -3  -3  -4   2  -3  -3  -4   1  -3  -3  -3  -3   3  -4  -1  -3   0   8  -3    1   1   1   1   4   1   1   1   3   1   1   1   0   8   1   6   1   0  69   1  1.56 0.46
   72 L    -3  -3  -4  -4  -3  -3  -3  -4  -4   2   5  -3   1   0  -4  -3  -2  -3  -2  -1    1   1   1   1   0   0   2   1   0  10  75   1   2   2   1   1   1   0   0   1  0.92 0.33
   73 K    -2   5   0  -1  -4   0   0  -3   3  -3  -2   3  -2  -3  -3   0   0  -3  -1  -3    1  44   4   2   0   3   3   1   7   1   3  16   0   0   1   5   6   0   2   1  0.62 0.25
   74 T    -1  -2   1   4   0   0   2  -1   1   1  -2  -1   1  -3  -2   0   0  -3  -2  -1    3   1   6  27   3   2  15   3   3  14   1   2   5   0   1   6   4   0   0   2  0.28 0.17
   75 V     1  -2  -3  -4   8  -3  -3  -3  -4   0  -2  -3  -2  -3  -3   2   0  -4  -3   2    9   2   0   0  37   0   0   1   0   3   1   0   0   0   0  19   6   0   0  20  0.89 0.35
   76 S    -2   2   5  -1  -4   0  -1  -1   0  -2  -2   3  -3  -4   0   0  -2  -4  -3  -3    2  13  35   0   0   3   0   4   1   2   4  24   0   0   5   4   0   0   0   0  0.54 0.27
   77 D     1  -2   0   4  -1   1   1   0   0  -2  -2  -1  -2  -3  -2   1   0  -4  -3  -1   16   0   4  27   2   8   6   7   3   0   4   2   0   0   0  12   3   0   0   5  0.27 0.16
   78 C     2  -3   6  -2   5  -2  -2   0  -2  -4  -4  -2  -3  -4  -3   0  -1  -4  -4  -3   23   0  44   0  12   0   0   6   0   0   1   0   0   0   0   6   3   0   0   0  0.82 0.35
   79 Y    -3   1  -2  -4  -4   1  -3  -4   2  -2   1  -1   1   1  -4  -3  -3  -1   7  -2    1  10   1   0   0   7   0   1   4   0  14   2   5   2   0   1   0   0  50   2  0.94 0.38
   80 T    -1   0   2   3  -3   3   2  -2   2  -2  -2   0  -2  -3  -2  -1   1  -4  -3  -1    4   3  12  17   0  15  17   2   5   1   4   4   0   0   0   1  11   0   0   4  0.33 0.18
   81 R     0  -1  -1  -2  -3  -1  -2  -1   2  -2  -1   1  -2  -3  -2   4   3  -4  -3  -2    4   3   0   0   0   0   0   2   7   2   5  12   0   0   0  43  17   0   0   2  0.46 0.28
   82 T     2  -3  -3  -3  -2   0  -3  -3  -3   2  -1  -3  -1  -3  -3   0   1  -4  -3   5   18   0   0   0   0   5   0   1   0   8   1   0   0   0   0   6   9   0   0  50  0.55 0.29
   83 M    -2  -2   0  -2  -2  -1   0   0   0   2   1  -1   1  -1  -3  -1  -1  -2   2   1    1   0   5   0   0   1   9   7   3  19  17   3   5   0   0   5   3   0  11  10  0.12 0.12
   84 K     0   1   0   0  -3   0   1   0   3  -2  -2   1  -2  -3  -2   2   2  -3  -2  -2    7   7   3   5   0   2  10   6  10   2   2   9   0   0   0  23  13   0   0   0  0.24 0.16
   85 L    -3  -4  -4  -5  -3  -4  -4  -5  -4   4   5  -4   2  -1  -4  -4  -3  -3  -3   1    1   0   0   0   0   0   0   1   0  23  63   0   4   0   0   1   0   0   0   5  0.90 0.34
   86 L    -3  -1  -4  -5  -3  -3  -4  -5  -4   0   6  -4   1  -2  -4  -4  -3  -3  -3   0    1   5   0   0   0   0   0   1   0   3  83   0   2   0   0   1   0   0   0   3  1.12 0.41
   87 D    -3  -1   2   6  -5  -1   2   0  -3  -5  -5  -1  -4  -5  -3  -2  -3  -5  -4  -4    1   2  11  62   0   2  10   6   0   0   1   2   0   0   0   1   0   0   0   0  1.16 0.39
   88 D     1  -2   2   3  -3   1   2  -1  -2  -3  -3  -1  -3  -2  -2   2   0   0  -3  -2   12   0  10  20   0   6  12   2   0   0   1   2   0   2   0  23   6   1   0   2  0.34 0.19
   89 S     2  -3  -1  -1   5  -3  -3   4  -3  -3  -4  -3  -2  -4   0   2  -1  -4  -4  -1   23   0   2   3  14   0   0  31   0   0   0   0   1   0   4  15   2   0   0   4  0.59 0.28
   90 M     0   0   2   2  -3   1   1   1  -2  -2  -2   0  -1  -3  -2   1   1  -4  -3  -1   10   4  11  11   0   9   7  11   0   2   1   5   2   0   0  13   8   0   0   6  0.19 0.13
   91 A     2   0   0   3  -4   2   3  -1   0  -4  -3   1  -3  -4  -3  -1  -2  -4  -3  -2   21   4   2  16   0  12  24   3   2   0   1  11   0   0   0   0   1   0   0   2  0.44 0.24
   92 A     1  -4  -4  -5  -3  -3  -4  -4  -4   2   4  -4   5  -2  -4  -3   0  -4  -3   0   12   0   0   0   0   0   0   0   0  12  50   0  17   0   0   0   6   0   0   3  0.73 0.34
   93 R    -1   1  -1  -2  -3  -1   1  -3  -1   1  -1   4  -1  -3  -3  -2  -1  -4  -3   2    2   8   2   1   0   1  11   1   1   7   4  32   1   0   0   1   2   0   0  24  0.32 0.22
   94 T    -1   0   1   0  -3   0   1  -1   1   0  -2   1   0  -3  -1   1   3   3  -2  -1    4   5   7   3   0   4   7   3   4   6   2  10   2   0   2   8  25   4   0   1  0.17 0.14
   95 T    -1   1  -1   1  -4   1   2  -3  -1  -3  -3   4   0  -3  -2  -1   1   4  -2  -3    3   8   2  10   0   5  13   1   1   0   1  36   3   0   0   1   8   7   0   1  0.49 0.24
   96 Y     0  -3  -3  -3  -3  -2  -3  -3   3  -2  -1  -2  -2   5  -3  -2   0   0   6  -2    7   1   1   1   0   1   1   1   8   1   5   2   0  23   1   1   6   0  40   1  0.79 0.28
   97 E     0   0   2   1  -2   2   3   0   2  -2  -1   0  -1  -2  -1   0  -1  -2  -1  -2    7   2  10   7   1  14  22   5   8   2   5   6   1   1   2   4   2   0   2   2  0.20 0.08
   98 R     1   2   0   0  -2   1   0   0   0  -2  -2   3  -1  -2  -1   0   0  -2  -2  -1   17  10   4   6   0   8   4   6   2   1   2  29   1   1   1   2   4   0   1   3  0.21 0.10
   99 S     0  -1   3   3  -3   1   2   0  -1  -3  -3   0  -2  -3  -2   1  -1   1  -2  -1    7   1  21  23   0   6  11   7   0   1   1   4   0   1   1   8   1   2   0   4  0.32 0.13
  100 G     0  -1   0   6  -4  -1   0   0   0  -4  -4  -2  -3  -4  -2  -1  -2  -4  -3  -3    9   3   2  67   0   1   3   7   2   1   1   1   0   0   1   1   1   0   0   1  0.95 0.29
  101 G     1   0   0   1  -2   0   2   1  -1  -2  -2   1  -2  -3   1   0   1  -3  -2  -1   16   3   5   6   0   2  14  12   0   1   1  14   0   0   6   3  14   0   0   2  0.19 0.09
  102 T     1  -1  -1   0  -2  -1  -1  -1   2   0  -1  -1  -1  -2  -2   0   3  -3  -2   2   14   3   3   6   0   1   1   2   7   2   2   3   0   0   1   2  24   0   0  28  0.18 0.14
  103 R    -2   5  -1   0  -3   0  -1  -2  -2  -3  -1   3  -1  -3   0  -1  -1  -3  -2  -3    2  44   1   6   0   1   1   2   0   1   5  25   2   0   5   1   4   0   0   1  0.56 0.21
  104 S     2   0  -1   1  -2   1   0   1  -2  -2  -2   0  -2  -3  -2   2   1  -3  -1  -1   29   3   1   7   0  10   2  10   0   1   2   3   0   0   1  20   7   0   2   2  0.23 0.13
  105 L     0  -2   0   2  -3   0   0  -1   0  -3  -2  -1  -2  -3   5   3  -1  -3  -3  -2    6   1   2  13   0   2   6   2   2   1   4   1   0   0  27  30   1   0   0   1  0.53 0.19
  106 V     0  -3  -3  -3  -2  -3  -3  -4  -4   6   0  -3   0  -2  -3  -3  -1  -3  -2   2    6   1   1   1   0   1   1   1   0  69   1   1   0   0   1   1   3   0   0  12  0.77 0.28
  107 A     5  -2  -2  -2  -2  -2   0  -1  -2  -2  -2  -2  -2  -3  -2   1  -1  -3  -3  -1   75   1   1   1   0   1   5   2   0   2   1   1   0   1   1   6   1   0   0   1  0.72 0.28
  108 R     1   1   1   1  -2   1   1  -1   4  -2  -1   2  -1  -2  -2   0  -1  -3  -1  -1   13   4   8   6   0   5   7   3  16   1   6  20   0   1   1   3   2   0   0   3  0.20 0.10
  109 D    -2  -2   1   5  -3   1   2  -2   1  -2   0  -1  -2  -3  -2  -1   1  -3  -2  -2    1   1   4  45   0   5  10   1   4   2  10   3   0   1   1   3   9   0   0   1  0.47 0.18
  110 M    -1  -3  -3  -3  -2  -2  -3  -3  -3   4   1  -2   3   1  -2  -2  -1  -2  -1   2    4   1   1   1   0   1   1   1   0  41  11   1   9   4   1   2   3   0   0  17  0.34 0.14
  111 D    -2  -2  -1  -1  -3   0  -2  -3   4  -1   1  -1  -1   4  -3  -1  -2   0   4  -2    2   1   3   2   0   5   1   1  13   1  14   5   0  28   1   3   1   0  19   1  0.38 0.15
  112 D     0  -1   0   3  -2  -1   2   1   0  -2  -2   0  -2  -3  -1   3   0  -3  -1  -2    5   1   1  22   0   1  12   9   2   2   3   3   0   1   1  31   4   0   2   2  0.28 0.13
  113 Y    -1  -2  -1  -3  -3  -2  -2  -2   1  -2  -2  -2  -2   4  -3  -1  -1   0   7  -2    4   1   3   1   0   1   1   3   2   1   1   1   0  16   1   3   4   0  56   1  0.90 0.27
  114 V     0  -2  -2  -3   4  -2  -2  -2  -3   3   0  -2   2  -1  -2  -1   1  -2  -2   2    8   1   1   1  12   1   1   2   0  26   3   1   7   1   1   2  11   0   1  21  0.24 0.12
  115 V    -1  -1   0  -1  -3   1   3  -3  -2   0  -1   2  -1  -3  -2  -1   1  -3  -2   1    2   0   4   0   0   3  35   1   0   7   3  14   0   0   0   1  14   0   0  14  0.27 0.15
  116 Y    -1  -1   2  -2  -3  -1  -1  -1   2  -1  -2   2   0  -1   1  -1   0   3   3  -1    1   0  12   0   0   0   2   3   7   4   1  18   5   0   7   3   7   5  19   6  0.19 0.12
  117 G     1  -3  -2  -2   6  -2  -2   3  -3  -2  -2  -2  -2   1  -1   1   1  -3  -2  -1   17   0   0   0  24   0   0  23   0   0   1   0   0   7   2  10   8   0   0   4  0.41 0.16
  118 L     0  -2  -2  -3  -1  -2  -2  -2  -3   3   2  -2   0   1  -2  -1  -1  -2  -1   2   11   1   1   1   0   1   1   2   0  23  30   1   0   5   1   5   2   0   0  15  0.21 0.10
  119 N    -2  -2   7   0  -3   0  -1   1  -1  -4  -4  -1  -3  -3  -3  -1  -1  -4  -3  -3    1   1  69   1   0   3   3  13   0   1   1   2   0   1   1   1   1   0   0   1  0.96 0.28
  120 A    -1  -2   3  -1  -2  -1  -1  -2   2  -1  -1  -1   1   0  -2   1   2  -2   1   0    4   1  24   1   0   0   1   1   8   3   6   1   4   4   1   9  19   0   8   6  0.19 0.12
  121 C     4  -2  -1  -2   2  -1  -1   1  -2  -2  -2  -1  -2  -3   0   3   0  -3  -2  -2   45   1   0   1   5   0   2  11   0   1   1   1   0   0   3  25   3   0   0   1  0.42 0.18
  122 L    -2  -2  -3  -3   2  -1  -3  -3  -3   1   4  -2   3   1  -3  -2  -2  -2   0   0    1   1   1   1   5   2   1   1   0   4  58   1  11   6   1   1   1   0   3   3  0.44 0.16
  123 Q    -2   2  -1  -1  -3   7   1  -3  -1  -3  -3   1  -2  -4  -2   0  -2  -3  -2  -3    1  11   1   1   0  68   3   1   0   1   1   4   0   0   1   4   1   0   0   1  0.94 0.28
  124 N     0  -2   0  -2   3  -2  -1  -2  -2   1   0  -2   1   3  -2   0   1   3   0   0    8   1   7   1   9   1   2   1   0  12   5   1   6  22   1   6  11   4   0   2  0.14 0.09
  125 V    -1  -3  -3  -3  -2  -3  -3  -3  -3   3   1  -3   2   3  -3  -2  -1  -2  -1   4    1   1   1   1   0   1   1   1   0  24   7   1   5  14   1   1   1   0   0  40  0.39 0.14
  126 R    -1   5   1  -2   0   1  -1  -2  -1  -3  -2   1  -2  -3   1   0   0   3  -2  -2    5  42   6   1   3   6   1   1   0   1   1   7   0   0   7   5   6   6   0   1  0.42 0.14
  127 N    -2  -2   7   1  -3  -1  -1  -2   2  -4  -4  -1  -3  -3  -3   2  -1  -4  -3  -3    1   0  66   4   0   0   1   1   6   0   1   1   0   0   0  17   1   0   0   1  0.95 0.27
  128 C    -2  -3  -3  -4   5  -3  -3  -3  -1  -2   0  -3   0   3  -3  -2  -2   0   7  -2    1   0   0   1  18   0   1   1   0   0   8   1   2  12   0   3   1   0  50   1  0.88 0.25
  129 C     0  -1   3  -1   3  -1  -1   0   3  -1  -2  -1  -2  -2  -2   1   3  -3   0  -2    4   2  17   1   7   0   1   6  12   3   1   1   0   0   0  11  31   0   3   1  0.30 0.14
  130 V    -1  -2  -3  -3  -2  -2  -3  -3  -1   1   3  -2   2  -1  -3  -1   1  -2  -2   1    3   0   0   1   0   0   1   1   2   6  51   1   7   0   0   5  10   0   0  11  0.33 0.13
  131 R    -3   8  -2  -3  -5   0  -2  -4   0  -4  -4   0  -3  -4  -4  -3  -3  -4  -3  -4    1  88   0   0   0   3   1   1   2   0   1   1   0   0   0   1   1   0   0   1  1.73 0.50
  132 L    -1   3  -1  -2  -3   0  -1  -3   0  -1   1   2   1  -2  -2  -1  -1   1  -1   1    2  19   3   0   0   2   1   1   3   0  19  21   6   0   0   5   2   2   1  12  0.20 0.14
  133 D    -1  -1   2   4  -3   0   1  -2   3  -3  -3  -1  -3  -3  -2   2   2  -4  -2  -3    4   2  10  29   0   2   8   1   9   0   1   1   0   0   0  17  13   0   0   1  0.46 0.20
  134 A    -1  -3  -2  -4   5  -3  -3  -4   1  -1  -1  -3  -2   1  -4  -1  -3  -1   7  -2    5   0   1   0  14   0   1   1   3   3   4   1   0   3   0   4   1   0  57   2  1.15 0.38
  135 I    -2  -3  -4  -4  -2  -3  -4  -4  -4   3   4  -3   0   0  -4  -3  -2  -3  -2   2    1   0   0   0   0   0   1   1   0  15  60   1   0   2   0   1   1   0   0  16  0.71 0.26
  136 D    -2   0   2   5  -3   0   3  -1   0  -4  -4   0  -3  -4  -2   1   0  -4  -3  -3    2   3  11  35   0   2  18   3   2   0   1   5   0   0   0   9   5   0   0   1  0.54 0.21
  137 K    -2   0  -1  -2  -4  -1   0  -3  -2  -4  -4   7  -3  -4  -3  -1  -2  -4  -3  -4    1   1   2   0   0   0   5   1   0   0   1  83   0   0   0   2   1   0   0   1  1.33 0.44
  138 L    -2  -4  -4  -4  -3  -3  -4  -5  -4   5   2  -4   3  -2  -2  -3  -2  -4  -3   3    2   0   0   0   0   0   0   0   0  52  16   0  10   0   2   0   0   0   0  16  0.77 0.29
  139 R    -1   3   0  -1  -3   0   0   0  -1  -2  -3   3  -1  -3  -2   1   3  -4  -3  -2    2  17   5   1   0   1   3   7   1   2   0  23   2   0   0   9  24   0   0   0  0.34 0.19
  140 A     1  -2  -1   2  -3   0   3   0  -2  -3  -3   0  -3  -4  -2   1   2  -4  -3  -3   14   0   1  11   0   3  29   6   0   0   0   4   0   0   0  13  16   0   0   0  0.39 0.20
  141 H    -4  -1   0  -3  -5  -1  -3  -4   9  -5  -3  -3  -3   1  -4  -3  -4  -3   4  -5    0   2   4   0   0   1   0   0  71   0   2   0   0   6   0   0   0   0  12   0  1.89 0.53
  142 Y     0  -1  -2  -3  -2   0  -2  -2   1   0   0  -2  -1   2  -3   2  -1  -2   3   3    8   3   0   0   0   4   0   1   3   0   9   0   0   8   0  21   0   0  12  29  0.23 0.19
  143 D    -2   0   2   4  -4   3   2  -1  -2  -4  -4   2  -3  -4  -3  -1   0  -4  -3  -4    0   2  12  31   0  15  11   3   0   0   0  16   0   0   0   2   5   0   0   0  0.59 0.24
  144 A     1  -1   2   2  -2   0   1   1  -1  -1  -2  -1  -1  -3  -2   2   0  -3  -2  -1   13   3  10  13   0   3   9  11   1   4   3   2   2   0   0  19   5   0   1   2  0.18 0.10
  145 L    -1  -3  -4  -4  -3  -3  -4  -4  -4   0   5  -3   1   1  -4  -3  -1  -3  -2   0    6   0   0   0   0   0   0   1   0   2  75   0   2   5   0   1   3   0   0   3  0.82 0.31
  146 A     1  -2  -2  -2  -2  -2  -2  -2   0   4   0  -2   1   1   1  -1  -1  -3  -1   2   14   1   2   1   0   0   3   2   3  36   2   1   3   8   6   3   1   0   0  13  0.23 0.16
  147 D     1   1   1   1  -3   1   2  -1   2  -3  -3   2  -2  -3  -2   0   1  -3  -2  -2   14   6   5   9   0   4  17   3   6   0   1  19   0   0   0   3   9   0   0   0  0.28 0.14
  148 A     1   0  -1   1  -2   2   2  -2   2  -1   0   1  -1  -2  -2   0  -1  -3  -2  -1   19   5   0   7   0  10  16   1   6   4  15   7   0   0   0   6   2   0   0   2  0.15 0.12
  149 V    -1  -3  -3   1  -3  -3  -3  -4  -3   1   5  -3   3  -1  -3  -3  -2  -3  -2   0    4   0   0  12   0   0   0   1   0   3  64   0   7   2   0   1   0   0   0   4  0.63 0.27
  150 A     1   0   1   2  -3   0   1  -1   1  -3  -3   2  -2  -3   2   0   1  -3  -2  -2   14   2   9  16   0   2  11   3   4   1   1  15   0   0  10   3   8   0   0   1  0.26 0.12
  151 D    -1   1   3   4  -4   0   2   0   1  -4  -4   0  -3  -4  -3   1  -1  -4  -3  -3    3   7  13  31   0   3  13   6   4   0   1   4   0   0   0  10   3   0   0   0  0.48 0.26
  152 P    -2  -1   3   4  -3  -1   0  -1  -2  -2  -1  -1  -2  -3   2   1  -1  -4  -3   1    1   3  21  25   0   2   3   3   0   0   6   2   0   0   9   9   3   0   0  12  0.36 0.24
  153 A     2   0   0   0  -2   0  -1   0  -1  -1  -1  -1   0  -2   1   0   1  -3  -2   1   21   6   3   4   0   5   3   7   2   3   5   0   3   0   8   6  11   0   0  12  0.11 0.12
  154 A     1  -1   0   2  -2  -1   0   0  -2  -1   0   0  -1  -3   1   1   2  -3  -2  -1   12   3   4  13   0   0   4   6   0   2  12   5   0   0   8   9  19   0   0   2  0.15 0.14
  155 N     0  -2   3   3  -3   1   1   1   2  -3  -3  -1  -1   0  -2   0  -1  -3  -2  -3    9   0  18  22   0   7   6  11   7   0   1   0   2   6   0   7   2   0   0   0  0.34 0.22
  156 V     1  -1   0  -3  -2  -3  -3  -3  -3   0   0  -2   1   0  -3  -2  -1  -4  -2   5   14   4   5   0   0   0   0   1   0   0   9   2   4   4   0   0   2   0   0  52  0.48 0.31
  157 E     2   1  -1   0  -3   3   2  -1  -2  -2  -1   1  -2  -3  -2   0  -1  -3  -3  -1   24   8   3   4   0  18  14   4   0   0   8   6   0   0   0   4   2   0   0   4  0.24 0.19
  158 G     0   2   0   2   1   1   2   0  -2  -3  -3   0  -2  -3  -2   1   1  -3  -1  -1    9  16   2  11   3   4  16   5   0   0   1   5   0   0   0  11   9   0   3   4  0.22 0.15
  159 L    -2  -4  -4  -5  -3  -1  -4  -5  -4   1   5  -4   0   1  -4  -4  -3  -3  -2   1    3   0   0   0   0   3   0   1   0   6  71   0   0   6   0   0   0   0   0   7  0.85 0.38
  160 A     4  -1  -1  -2  -2   0  -1   0  -3  -2  -2  -1  -2  -1  -2  -1   2  -4  -3   0   52   2   2   1   0   4   2   6   0   0   3   2   0   3   0   0  17   0   0   5  0.48 0.32
  161 A     0   0   2   1  -3   1   3  -2  -1  -2  -1   3  -1  -3  -2  -1  -1  -4  -3  -2   10   2  12   9   0   4  20   1   1   3   6  26   2   0   0   0   2   0   0   2  0.33 0.22
  162 E     0  -1  -2   3  -4   2   5  -3  -2  -2  -3   1  -3  -4  -3  -1  -1  -4  -4  -3    6   2   0  16   0   8  47   0   0   4   2   6   0   0   0   4   3   0   0   0  0.71 0.36
  163 A     3  -3  -3  -3  -2  -2  -1  -3  -3   3   0  -3   2  -2  -3  -1   0  -4  -3   2   36   0   0   0   0   0   4   0   0  21   8   0   7   0   0   0   6   0   0  15  0.41 0.27
  164 S     1   0   0   1  -2   2   1   0   0  -1  -2   0   0  -3  -2   1   1  -3  -2   0   15   3   2  10   0  12  10   7   3   2   1   6   2   0   0   9   8   0   0   8  0.15 0.12
  165 E     0   1   1   0  -3   1   0  -2   2   0   0   0   1   1  -2  -1   0  -2   1   0    7   7   7   7   0   7   7   0   6   7   7   7   6   6   0   0   7   0   6   7  0.07 0.11
  166 Y    -1  -3  -3  -4   0  -3  -3  -4   3  -3  -2  -3  -3   4  -4   0  -3  -1   7  -2    6   0   0   0   3   0   0   0   7   0   2   0   0  16   0   8   0   0  53   2  1.16 0.46
  167 K    -1   3   4   2  -4  -1   0  -3  -2  -3  -4   4  -3  -4  -3  -1  -2  -4  -3  -1    3  15  21  10   0   0   5   0   0   0   1  37   0   0   0   0   0   0   0   6  0.60 0.31
  168 A     0   1   2   1  -4   2   3  -2   0  -4  -3   4  -3  -4  -2   0  -1  -4  -3  -3    6   7  12   7   0  10  19   0   2   0   1  29   0   0   0   3   2   0   0   2  0.45 0.24
  169 A     4  -2  -2  -1   2   0   0  -2  -3  -1   0  -1   0  -3  -2   1   0  -3  -2  -1   47   0   0   4   5   4   6   0   0   3  10   2   2   0   0  10   3   0   1   2  0.34 0.24
  170 M     1  -3  -3  -1  -3  -2  -3  -3  -3   2   0  -3   6   0  -1  -1   0  -3  -2   2   10   0   0   3   0   0   0   0   0  10   5   0  36   3   3   3   5   0   0  20  0.51 0.32
  171 W    -1  -2  -2   0  -2  -1  -1  -3  -2   1   2   0   2   0  -3  -1   1   4   1   1    3   0   0   6   0   3   2   0   0   6  30   6   6   3   0   2  10   8   4  10  0.21 0.16
  172 Q     0  -1   3   1  -4   2   4  -1  -1  -4  -3   0   0  -4  -2   1  -1  -4  -3  -3    7   0  16   6   0  11  38   3   0   0   0   3   4   0   0   8   2   0   0   0  0.52 0.29
  173 Y    -2  -3   0  -2  -3  -3  -3  -4   2  -1  -1  -3   1   4  -4  -1  -2  -1   6  -1    3   0   6   2   0   0   0   0   4   4   3   0   5  22   0   3   2   0  39   5  0.75 0.35
  174 C     2  -2   1  -2   3  -2  -2  -2  -3   0   0  -2   3  -1  -2   0   3  -3  -2   1   21   0   7   0   8   0   0   1   0   3   5   0  11   3   0   3  24   0   0  12  0.27 0.22
  175 Y     0   3   1  -2  -3   0   1  -2  -1  -1  -1   3   0  -2  -2  -1   0   1   0  -1    7  17   6   1   0   0   8   1   0   3   5  25   3   0   1   1   7   2   5   5  0.20 0.16
  176 N    -2   1   2  -2  -3   0  -1  -1  -1  -2   0   4   2  -2  -2   1  -1  -3   0  -2    1   6  15   1   0   2   1   4   0   1  10  33   9   0   1  11   2   0   4   1  0.29 0.22
  177 Q    -2   0   1  -2   3   0   0  -2   4  -1  -1   1  -1   1  -2   0   0  -2   3  -2    1   3   7   0   7   5   4   1  13   3   7   9   1   7   0   9   8   0  14   1  0.19 0.16
  178 R     0   1  -1  -1  -2   1   1  -2  -2   1   0  -1   2  -2  -2   1   1  -2  -2   1   10  10   0   0   0   9  10   1   0  10  10   1   9   0   0  10  10   0   0  10  0.09 0.09
  179 S    -1   0   4  -1   1  -1  -1  -1   3  -1  -3  -1  -2  -3  -2   4   1  -3  -2  -2    1   5  23   1   3   1   1   3   8   4   1   1   0   0   1  39   7   0   0   1  0.42 0.21
  180 A     0  -2  -1  -2  -2  -1  -1   0  -2  -1  -1   0  -1   2   4   1   1   2  -1  -1    8   1   3   1   0   1   1   8   0   1   6   6   0  12  21  11  10   4   1   6  0.24 0.10
  181 S     1   2   0  -1  -2   0   0  -1   1  -1  -1   0  -1  -2  -1   2   0  -2  -1   0   16  17   5   2   0   1   4   1   4   3   3   1   0   1   1  24   3   0   2   9  0.14 0.10
  182 A     2  -2   1  -1  -2  -1  -1   3  -2  -2   0  -1  -1  -2  -2   2   0  -2  -2  -1   24   1   7   1   0   1   1  23   0   1  12   1   0   1   1  17   6   0   1   1  0.23 0.11
  183 R     0   3   0  -1  -2   0   0   1  -1  -1  -1   0  -1  -2  -1   1   1  -2  -1  -1    5  27   5   2   1   3   7  10   1   5   3   2   1   1   2  10   9   0   1   4  0.15 0.07
  184 A     2   0  -1   0  -1  -1  -1  -1  -1   0  -1   0  -1  -2   3   1   0  -2  -2  -1   31   5   1   4   1   1   2   2   1   9   3   5   1   1  14  14   2   0   1   2  0.21 0.09
  185 H     0  -1  -1  -1  -1   0  -1   0   1   1   0  -1   0   0   0   0   0  -2  -1   1    9   2   1   2   1   7   2  10   6  14   9   2   3   4   3   4   5   0   1  17  0.03 0.04
  186 S     1  -1  -1   0  -2  -1  -1  -2  -2  -1  -2  -1  -2  -3   1   4   0  -3  -2   0   10   4   1   4   0   1   1   1   0   5   1   1   0   0   8  57   1   0   0   6  0.46 0.24
  187 R     0   2   2  -1  -3   2   1  -2  -1  -2  -2   3  -2  -3  -2   0   0  -3  -2  -2   11  15  17   1   0  10   7   1   0   2   1  21   0   0   1   1   7   0   0   2  0.29 0.14
  188 A     2   0   0   0  -2   2   3  -2  -1  -2  -2  -1   1  -2  -2   0   0  -3   0  -1   20   4   4   4   0  14  25   1   0   2   2   1   7   0   1   2   4   0   4   3  0.24 0.15
  189 Y    -3  -4  -4  -5  -4  -4  -4  -4  -2   0   0  -4  -2   8  -4  -4  -3   1   4  -1    1   0   0   0   0   0   0   0   0   3   5   0   0  72   0   0   0   1  11   3  1.41 0.40
  190 S     0  -2  -1   1   2  -2  -2  -2  -2  -4  -4  -2  -3  -4  -1   6  -1  -4  -3  -3    4   0   0   7   4   0   1   1   0   0   1   1   0   0   2  76   1   0   0   1  0.94 0.38
  191 Q    -2   5   0   0  -4   3   0  -3  -1  -2  -3   3   2  -3  -2  -1  -2   0  -3  -3    1  36   3   4   0  16   2   1   0   1   1  23   6   0   0   2   1   1   0   1  0.60 0.24
  192 A     0   1   1  -3  -3  -2  -2  -3   0   0  -1  -2   4  -1  -3  -1  -1   8   2   0    9  11   8   0   0   0   1   1   2   5   4   1  14   0   0   3   4  25   6   6  0.58 0.23
  193 L    -2  -3  -3  -4  -2  -3  -3  -2  -3   2   5  -3   1  -1  -3  -3  -2  -3  -2   0    1   1   1   1   0   1   1   4   0  14  67   1   2   0   1   1   1   0   0   4  0.65 0.24
  194 K    -2   3   0  -2  -4   0   0  -1  -2  -3  -3   5  -1  -3   0  -1  -2  -3   0  -3    1  20   5   1   0   0   4   3   0   1   1  52   2   0   3   1   1   0   4   1  0.66 0.26
  195 L     0   0   2   1  -3   2   2   1  -1  -1   0   0  -1  -3  -2   0  -1  -3  -2  -2    9   5  14   7   0  10  15  10   0   6  11   5   0   0   0   6   0   0   0   0  0.15 0.10
  196 E     0  -1   1  -1  -2   2   2  -2   1  -1  -2   0  -2  -3  -2   3   1  -3  -2  -1    5   1   6   0   0   8  16   0   4   3   3   5   0   0   0  34  10   0   0   2  0.30 0.18
  197 G     0   0   1  -1  -3   0  -1   5  -1  -4  -4   0  -3  -4   0  -1  -1  -3  -3  -3    6   5   9   2   0   4   2  52   2   0   1   6   0   0   4   0   3   0   0   1  0.60 0.21
  198 I     0  -3  -3  -3  -2  -2   0  -3  -3   4   1  -2   2  -1  -3  -2   0  -3  -2   2    6   0   0   0   0   0   8   1   0  46  11   2   4   0   0   1   8   0   0  10  0.36 0.19
  199 D    -1  -1   0   3  -3   0   1   0   2  -2  -2   1  -1  -3  -2   1   2  -3  -2  -2    1   1   3  20   0   3   8   5   8   1   3  13   1   0   1  15  16   0   0   2  0.26 0.13
  200 F    -3  -3  -3  -4  -3  -3  -3  -4  -2  -1   0  -3   2   7  -4  -3  -3   5   2  -2    1   1   1   1   0   1   1   1   0   1   8   1   5  65   1   1   1   8   3   1  1.11 0.32
  201 A    -1   0   1   2  -3   2   3   0   3  -3  -2   0  -2  -3   3   0  -1  -3  -2  -3    3   5   6  10   0  10  24   6  10   1   3   2   0   1  15   3   1   0   0   1  0.36 0.13
  202 E     0   1   1   2  -2   0   2  -1   1  -2  -3   1  -2  -3   1   0   2  -3  -2  -2    7  10   5  12   0   2  16   2   4   1   1  10   0   0   5   4  18   0   0   1  0.23 0.11
  203 L    -2  -3  -3  -4  -2  -3  -3  -4  -3   0   5  -3   2   1  -3  -1  -2   2  -2   0    1   1   1   1   0   1   1   1   0   1  70   1   3   5   1   5   1   3   0   5  0.61 0.24
  204 V    -1  -2  -1  -2   3   1  -1  -2  -2   1   1  -1   2  -1  -2   1   1  -2  -2   1    1   1   0   1  11  12   1   1   0  12  12   1  11   0   1  12  12   0   0  12  0.14 0.09
  205 R     0   2   0   0  -3   3   1  -2  -1  -1  -2   2  -1  -3  -2   0   0  -3  -2  -1    8  15   4   4   0  22   7   1   0   5   1  17   0   0   1   6   5   0   0   4  0.25 0.12
  206 R     1   1   2   1  -2   0   1   1  -1  -3  -3   1  -2  -3  -1   1   1  -3  -2  -2   11  11  10  11   0   0  11  11   0   1   1  11   0   0   1  11  11   0   0   1  0.21 0.08
  207 H     0  -1   1   0   3  -1  -2  -3   5  -1  -3  -1  -2   1  -3  -1  -1  -1   6  -2    8   3   8   5   7   2   1   1  14   4   1   3   0   4   1   2   5   0  32   1  0.55 0.28
  208 Q    -2   1  -2  -2  -4   5   0  -3  -2   0  -3   3   2  -4   0   0   0  -4  -3  -2    1   5   0   0   0  37   3   1   0   7   1  19   7   0   5   5   6   0   0   2  0.58 0.33
  209 L     2   0   2  -2   1  -1  -1   1   0  -1  -2  -1  -2  -2  -2   0   0  -3   2  -1   25   7  15   0   3   2   2  12   3   5   2   2   0   0   0   4   6   0   8   4  0.17 0.16
  210 R    -2   2   0  -1   3   0   0  -3   1  -1  -3   5  -1  -4   0   0   0  -4  -3  -2    0  11   3   2   7   3   3   0   3   4   1  44   1   0   3   5   5   0   0   2  0.52 0.29
  211 L    -2   0  -4  -4  -3  -3  -4  -4  -4   1   5  -3   1   0   0  -3  -3  -3  -2  -1    3   7   0   0   0   0   1   1   0   7  66   1   3   3   5   1   1   0   0   1  0.73 0.34
  212 G     0  -1   2   1  -3  -2  -2   5  -2  -2  -4   0  -3  -4  -3  -1  -2  -3  -3  -3    4   4  10   7   0   0   1  56   0   3   1   8   0   0   1   3   1   0   0   1  0.73 0.28
  213 Y    -1  -3  -3  -4  -3  -3  -3  -2  -2   1   2  -3  -1   6  -3  -3  -2  -1   4  -1    5   1   0   1   0   0   1   3   0   7  21   1   0  42   1   1   1   0  15   1  0.67 0.26
  214 G    -1   2  -1   1  -3   1   1   1   1  -3  -3   1  -2  -3   1   1   1  -3  -2  -2    1  13   0   7   0   4  12   9   4   1   1  11   0   0   8  14  12   0   0   1  0.24 0.12
  215 S     0   0  -1  -2  -3  -2  -2   5  -2  -3  -3  -2  -2  -2  -2   0  -2   1   1  -2    7   7   1   1   0   1   1  58   0   1   2   1   0   1   1   6   1   2   6   3  0.67 0.22
  216 K     0   1   0  -1  -2  -1  -1  -1  -1  -1   0   1  -1  -1   3   1   0  -2   0  -1    6  11   6   2   1   1   2   2   1   3  12   7   1   1  20  13   3   0   5   2  0.21 0.07
  217 G     0   0   0   0  -1   0   0   2  -1   0   0   0   0   0   0   1   0  -1   0   0    6   4   5   4   1   3   4  17   2   9   8   4   2   6   4  12   4   1   2   5  0.03 0.01
  218 E     1   0   0   1  -1   0   1   0  -1  -1  -1   0  -1  -1   0   1   0  -1  -1  -1   17   3   3  10   1   3   8   7   1   3   6   8   1   2   3  11   4   1   2   4  0.06 0.01
  219 E     0   0   0   0  -1   1   2  -1  -1  -1   0   1  -1  -1   1   0  -1  -1  -1  -1   11   4   3   2   1   8  23   3   1   2  12  10   1   2   6   3   3   1   1   3  0.12 0.04
  220 F    -3  -4  -4  -4  -3  -4  -4  -2  -3   0  -1  -4  -1   7  -4  -3   0   4   2  -2    1   0   0   0   0   0   1   3   0   5   1   0   0  70   0   1   7   5   2   1  1.16 0.34
  221 E    -1   1   0   2  -4   1   4  -2  -1  -4  -3   3  -3  -4  -2  -1  -1  -4  -3  -3    2   7   2  12   0   2  40   1   0   0   1  27   0   0   0   2   3   0   0   1  0.59 0.22
  222 D    -2  -1   3   3  -3   0   2  -2   0  -2  -2   1  -2  -1  -2   0   0  -3   0   0    1   1  18  23   0   2  18   1   2   1   2   8   0   4   1   3   3   0   3   9  0.29 0.13
  223 L    -2  -3  -3  -4  -2  -3  -3  -4  -3   1   5  -3   1  -1  -3  -3  -2  -2   1   0    1   1   1   1   0   1   1   1   0   7  76   1   0   1   1   1   1   0   6   1  0.71 0.25
  224 D    -1   0   0   2  -3   2   3   0   1  -3  -3   2  -2  -3  -2   0   1  -3  -2  -2    4   1   2  11   0   9  26   5   3   1   1  15   0   1   1   5  15   0   0   1  0.31 0.13
  225 D    -2  -2   2   5  -3  -1   2  -2  -1  -1  -3   0  -2  -3  -1   1  -1  -3  -3  -2    1   1  12  44   0   1  13   1   0   7   1   4   0   1   2   9   1   0   0   2  0.53 0.18
  226 T     1  -1  -1   1  -2   0   3  -2   0   0   0  -1  -1  -1  -2  -1   0  -2  -2   1   14   1   1  11   0   1  28   1   2   8   8   2   0   3   1   1   8   0   1  11  0.15 0.09
  227 Q    -2   0   1   1  -3   5   3  -2  -1  -3  -2   1  -2  -3  -2  -1  -1  -3  -2  -2    1   1   6   9   0  48  17   1   0   1   3   4   0   1   1   1   1   0   1   3  0.62 0.22
  228 K    -2   1  -1  -2  -3   1   0  -2  -2  -3  -3   6  -2  -3  -2  -1   0  -3  -2  -3    1   1   1   1   0   4   1   1   0   1   2  74   0   1   1   1   8   0   1   1  0.83 0.28
  229 L     0  -2  -3  -3  -2   0  -2  -3  -2   2   2  -2   3   1   1  -2  -1  -2  -1   1    7   1   0   1   0   6   1   1   0  14  31   1  16   6   6   1   1   0   0   7  0.22 0.11
  230 E     0   2  -1   1   2   2   2  -2  -1  -2   0   1  -1  -2  -2   0  -1  -3  -2  -2    6  12   0   6   6  15  19   1   0   1  15   7   0   0   1   9   1   0   0   1  0.19 0.10
  231 V     1  -2  -1  -2  -1  -1  -1  -1  -2   2   0  -1   0  -1  -1   0   2  -2  -1   2   22   1   1   1   0   1   1   1   0  21   2   1   0   1   1   1  21   0   1  21  0.11 0.02
  232 Y    -1  -3  -3  -3  -3  -2  -3  -1   0  -2  -2  -3  -2   1  -3  -2  -2   0   8  -2    5   1   1   1   0   1   1   6   1   1   3   1   0   2   1   1   1   0  68   1  1.30 0.37
  233 K     1  -1   3   4  -3  -1   2   0  -1  -3  -3   1  -2  -3  -2  -1  -1  -3   0  -3   12   1  22  25   0   1  14   5   0   1   2   9   0   1   1   1   1   0   4   1  0.39 0.17
  234 Q     1  -1   2   1  -2   1   2  -1   1  -2  -2   1  -2  -3  -2   2   0  -3  -2   0   13   1  10   7   0   8  16   1   4   1   1   8   0   1   1  17   3   0   1   9  0.19 0.11
  235 H    -3  -4  -4  -4  -3  -3  -4  -4   1   6   0  -4  -1   0  -4  -3  -2  -3  -2   2    1   1   1   1   0   0   1   1   4  74   1   1   0   4   1   1   1   0   0   9  1.02 0.36
  236 H    -2  -3  -2  -3   2  -3  -3  -4   3   5   0  -3   3  -2  -3  -3  -2   3  -2   0    3   1   2   1   5   0   1   1   8  55   6   1   8   0   1   1   1   5   0   2  0.65 0.28
  237 R     0   0   1   2  -3   1   4  -1  -1  -1  -2   0  -2  -2  -2  -1  -1  -3  -2   0    8   4   5  13   0   3  36   5   0   5   1   3   0   2   1   2   2   0   0   9  0.30 0.16
  238 R     3   1  -2  -1  -2   0   2  -1  -2   0  -2   1  -2  -3  -1   0  -1  -3  -2   0   37   9   1   2   0   3  17   3   0   5   1   8   0   1   1   2   1   0   0   7  0.25 0.16
  239 V     2  -2  -2  -2  -2  -2  -2  -2  -2  -2  -1  -2  -2  -3  -2   5  -1  -3   1   0   17   0   0   0   0   0   1   1   0   0   5   1   0   0   0  59   1   0   5   9  0.62 0.32
  240 G    -1  -2  -2  -3  -3  -3  -3   6  -3  -4  -4  -2  -3  -4  -3   1  -2  -4  -4  -1    1   2   0   1   0   0   1  74   0   1   1   2   0   0   1   9   1   0   0   5  1.17 0.35
  241 A    -1   5  -2  -2  -4   1   0   0   1  -4  -3   2  -3  -4  -2   1  -2  -4  -2  -3    4  48   0   0   0   5   3   7   4   0   2  13   0   0   1   9   0   0   1   0  0.65 0.27
  242 G     1   0  -2   0  -3  -2  -1   5  -2  -3  -1  -2   0  -3  -3   0  -2  -3   0  -3   12   5   1   5   0   0   3  51   0   1   7   1   3   0   1   4   1   0   4   1  0.54 0.21
  243 R    -1   2   0  -1  -2   1   0  -1   2  -1  -2   4  -2  -2  -2   1   0  -3  -2  -1    3   9   5   1   0   4   2   3   5   5   2  37   0   1   1  10   4   0   1   5  0.27 0.14
  244 G    -1   0  -2  -2   1  -1  -2   1  -2   0   0  -1   2  -2   3   0  -1  -2  -1   2    3   5   1   1   4   2   1  13   0   2   5   1   7   1  15   8   1   0   2  26  0.17 0.11
  245 L    -1  -2  -1  -2  -1   0  -1  -2  -2   2   2  -1   1  -1   1  -1  -1  -2  -2   2    3   1   4   1   1   4   5   1   0  11  29   3   5   1   7   2   1   0   1  18  0.15 0.10
  246 P     0   1   2   0  -2   0   0   0  -1  -1  -1   0  -1  -2   1   1   1  -2  -2   1    8   8  14   4   1   2   5   7   1   2   3   4   1   1   5  10   8   0   1  16  0.08 0.06
  247 V     0  -1   0   0  -1  -1  -1  -2   3   1   0  -1   0  -1  -1   0   1  -2  -1   1    8   1   4   5   1   1   3   2  12  14   9   4   1   1   1   3  15   0   1  13  0.08 0.07
  248 R     0   1  -1   0  -2   0   0  -1  -1   0   0   1  -1   0  -1  -1  -1  -1   3  -1   12  11   2   4   1   2   6   3   1  10  10  12   1   2   2   3   2   0  16   2  0.08 0.06
  249 M     0   0   0  -1   1  -1   0  -1  -1   0   0   0   1   1  -1   1   2  -1  -1   0    5   5   3   2   4   2   7   3   1   7   8   4   5   7   2  10  17   0   1   8  0.04 0.04
  250 F    -1   0  -1  -2  -2  -1  -1   0  -1   1   2  -1   0   2  -1  -1  -1   3   0   0    4   8   3   2   1   2   2  10   1   8  24   3   1  13   3   4   2   5   2   4  0.07 0.05
  251 S     1   0   1   1  -2   1   2  -1  -1  -2  -1   1  -1  -2   0   1   0  -2  -2  -1   11   5   6   6   1   4  19   2   1   2   5  10   1   1   4  12   6   0   1   4  0.15 0.06
  252 S     2  -1  -1   1  -1   1   0  -1  -1  -1  -1   1  -1  -2   0   1   0  -2  -2  -1   31   2   2   7   1   6   5   3   1   4   7  10   1   1   3  12   2   0   1   2  0.14 0.08
  253 G     0  -1  -1  -1  -1  -1  -1   2  -1   1   1  -1   0  -1   0   0   0  -1   0   0    5   3   2   2   1   3   3  21   1  16  16   2   1   1   4   7   4   0   4   3  0.08 0.05
  254 R     1   1   0  -1  -1   0   1   1  -1  -1  -1   1  -1  -1   0   0   0  -2  -1   0   12  11   3   2   1   2   8  11   1   2   6  14   1   4   3   7   2   1   1   8  0.07 0.04
  255 S     1   0   0   0  -1   0  -1   0  -1  -1   0   1  -1  -1   0   1   0  -1   1   0   10   4   5   4   1   1   2   8   1   4   8  12   1   1   4  15   4   0   7   8  0.05 0.04
  256 A     1  -1  -1   0  -1   0   0  -1  -1   1   0   0  -1   0   2   0   0  -2   0   1   13   2   1   7   1   3   4   5   1  11   5   5   1   4  10   6   4   0   3  14  0.06 0.04
  257 G     1   0   0   1  -2  -1   0   3  -1  -1  -1  -1   0  -1  -1   0   0  -2  -2  -1   19   6   3   8   1   1   4  26   1   2   6   2   4   2   2   5   5   0   1   3  0.16 0.07
  258 G     0   0   0  -1  -1  -1   0   1  -1   0   0   0   0  -1  -1   1   1  -2  -2   1    2   4   5   1   0   2   7  10   1   3  14   4   2   1   1  15  12   0   1  14  0.06 0.06
  259 P     0   0   1   0  -2   0   0  -2  -1  -1   0   1   0  -2   3   1   1  -2   0  -1    4   5   8   6   0   3   4   2   0   2  10   9   3   1  14  12   8   0   3   5  0.14 0.06
  260 K     0   2   1  -1  -2   0  -1   0  -1  -1  -1   2  -1  -1  -2   0   0   0   0   0    8  15   7   3   0   2   1   8   0   3   5  21   0   3   1   4   5   2   5   8  0.11 0.09
  261 I     0  -1  -1   0  -2  -1   0   0  -2   1   1  -1   1   0  -2   0   0  -1  -1   1    8   2   1   6   0   1   5   8   0  12  18   4   5   3   1   7   5   1   2  11  0.03 0.04
  262 A     2  -1   2  -1  -1  -1   1  -2  -2   0   0   0  -1  -2  -1   2   1  -3  -2  -1   21   3  11   2   1   1  10   1   0   6  11   3   0   0   2  20   7   0   0   1  0.15 0.12
  263 A     0   0   0  -1  -2  -1  -1   0  -2   0  -2   3   0  -3  -1   1   1   0  -2  -1    9   2   3   3   0   0   1   5   0   7   2  32   3   0   2  13  10   2   0   4  0.20 0.15
  264 T     0  -1  -1   0  -2  -1  -2   0  -2   1   1  -1   0  -1  -2   1   1   0   0   1    6   3   0   6   0   0   1  10   0  12  15   3   2   0   1  10  14   1   4  10  0.07 0.07
  265 T     0  -1   0   0  -2  -1   0  -1  -2   0   0   1   0   0   1   1   1  -2  -1   0    9   1   2   6   0   0   7   5   0   9   8  11   3   6   6  11   9   0   2   5  0.05 0.05
  266 W     0   0   0   1  -2  -1   0   3  -2  -2  -2   1  -2  -1  -2   1   1   2  -1  -2    4   5   2  10   0   1   3  25   0   2   1  14   0   3   1  12  11   3   2   1  0.20 0.09
  267 A     2   0  -2  -2  -2  -1  -2   0  -2   1   0  -1  -1  -1  -1   1  -1   2   1   0   27   6   1   2   0   1   1   6   0  12  12   2   0   1   1  10   2   4   8   6  0.10 0.08
  268 E     2  -1  -1   1  -2  -1   0   1  -2  -1  -1   0  -1   0  -2   0   0  -2  -1   0   27   2   1   8   0   1   6  12   0   1   7   9   1   7   1   7   3   0   0   8  0.09 0.07
  269 A     1  -3  -1   0  -3  -1  -2   5  -3  -2  -3  -2  -3  -3  -2   1  -2  -3  -3  -3   14   0   0   7   0   2   1  56   0   3   1   1   0   0   0  13   1   0   0   1  0.72 0.22
  270 V     1   0  -2  -3   2  -1  -2   0  -3   2  -1   1   0  -2  -2  -1   0  -3  -2   2   18   4   1   0   6   0   0   7   0  21   0  16   1   0   0   3   3   0   0  17  0.16 0.12
  271 S     4   0  -2  -1  -2  -2  -2   1  -2  -2  -1  -2  -1  -2   0   0   0  -3  -3   0   52   7   0   3   0   0   0  10   0   0   5   0   1   2   3   6   3   0   0   7  0.34 0.19
  272 V    -1  -3  -3  -4  -2  -2  -1  -4  -3   2   1  -3   3   0  -3  -2  -1   3  -2   4    3   0   0   0   0   0   4   0   0  13  11   0  13   2   0   0   2   5   0  43  0.46 0.20
  273 F     0  -1  -1  -3  -2  -2  -2  -3  -2   1   3  -2   1   4  -3  -1  -1  -2   0   0   10   3   3   0   0   0   3   0   1   8  40   0   3  21   0   3   3   0   0   2  0.29 0.15
  274 I     0  -3  -3  -2  -2  -3  -3  -3  -3   3   3  -3   1  -1   1  -2   0  -3  -2   2    8   0   0   2   0   0   0   0   0  19  37   0   2   1   7   0   4   0   0  18  0.34 0.15
  275 M    -2  -2  -1  -3  -3  -1  -3  -3  -2   1   0   0   4   5  -3  -2  -1  -1   2   1    2   1   4   0   0   3   0   0   0   9   5   7  17  32   0   0   4   0   5   9  0.36 0.18
  276 A     0  -1   3   2  -1   0  -1   0  -2  -2  -2   0  -2  -2  -2   1   3  -3  -2  -1   10   0  20  11   1   4   0   4   0   1   4   7   0   1   0   7  24   0   1   5  0.22 0.13
  277 A     4  -3  -2   0  -2  -2  -2   0  -3   0   0  -2   1  -3  -2  -1   0  -3  -3   1   57   0   0   7   0   0   0   4   0   5   6   0   5   0   0   0   5   0   0   9  0.42 0.22
  278 G     2  -3  -2  -3  -3  -3  -3   6  -3  -4  -4  -3  -3  -4  -3  -1  -2  -4  -4  -3   21   0   0   0   0   0   0  73   0   0   1   0   0   0   0   1   0   0   0   0  1.21 0.32
  279 N     0  -2  -1  -2  -2   1  -2  -2   0   1   1  -1   2   0  -2  -1   0  -2   0   2   10   1   4   1   0   8   1   1   3  10  19   2   8   4   1   3   7   0   2  16  0.10 0.08
  280 L    -1  -2  -3  -3  -2   1  -1  -3  -3   4   2  -2   5  -1  -3  -2   0  -3  -2   0    3   1   0   1   0   7   4   1   0  38  15   1  22   0   1   1   5   0   0   1  0.44 0.20
  281 A     1  -3  -3  -3  -2  -2  -3  -3  -3   3   1  -2   1  -2  -2  -1   2  -3  -2   4   11   1   0   1   0   0   1   1   0  16  11   1   2   0   1   1  14   0   0  39  0.34 0.16
  282 W    -1  -3  -4  -1  -3   0  -3  -3  -3  -4  -3  -3  -3  -1  -4  -3  -3  11   1  -4    7   1   1   4   0   4   1   1   0   1   1   1   0   1   1   1   1  70   4   1  2.42 0.46
  283 D    -2   0   0   6  -4  -1   2  -2  -2  -3  -1  -1  -3  -4  -2  -2  -2  -4  -3  -3    1   7   2  64   0   1  12   1   0   1   7   1   0   0   1   1   1   0   0   1  0.95 0.27
  284 V    -2  -3  -3  -3  -2  -3  -3  -4  -3   5   1  -3   0  -1  -3  -2   1  -3  -2   4    1   1   0   1   0   0   1   1   0  44   8   1   0   0   1   1   8   0   0  32  0.58 0.21
  285 F    -3  -3  -3  -4  -3  -3  -3  -4  -1   0   0  -3  -1   6  -4  -3  -2   0   6   1    1   1   0   1   0   0   1   1   0   4   5   1   0  38   1   1   1   0  34  11  0.90 0.27
  286 T    -1  -2   0  -2  -2  -1   0  -1   0  -2  -2  -2  -2  -3   0   2   5  -3  -2  -1    1   1   2   1   0   2   4   4   3   1   3   1   0   0   5  17  52   0   0   3  0.51 0.23
  287 T     4   0  -1  -2  -2  -1  -1  -1   2  -3  -3  -1  -2  -3  -2   4   0  -3  -2  -2   39   5   0   1   0   0   1   1   7   1   1   1   0   0   1  38   3   0   0   1  0.52 0.23
  288 E    -2  -2   2   5  -4   0   4  -2  -2  -4  -4  -1  -3  -4   0  -1  -2  -4  -3  -3    3   1  10  41   0   1  31   2   0   1   1   2   0   0   4   1   1   0   0   1  0.76 0.23
  289 H    -3   1   3   1  -4   0  -1  -3   8  -3  -3  -1  -3  -2  -3  -2  -2  -3   2  -3    1   7  17   8   0   4   1   1  46   2   1   1   0   0   1   1   1   0   8   1  0.89 0.27
  290 E    -2  -1  -2  -2  -3  -1  -1  -3  -3  -2  -3   3  -3  -4   6  -1   0  -4  -3  -1    1   1   1   1   0   2   3   1   0   1   1  25   0   0  49   2   5   0   0   7  1.02 0.26
  291 V    -2  -3  -3  -3  -2  -2  -3  -3  -3   4   3  -3   2   0  -3  -2  -1  -2  -2   2    1   1   1   1   0   1   1   1   0  33  36   1   5   2   1   1   2   0   0  13  0.43 0.15
  292 E    -2   0  -1  -1  -3   4   4  -3   0  -3  -2   1  -2  -3   0  -1   1  -3  -2  -3    1   4   0   1   0  32  31   1   2   1   3   7   0   0   4   1  11   0   0   1  0.54 0.20
  293 A     2  -2  -1  -2  -2  -1   1  -2  -2  -2  -2   0  -1  -3   0   0   5  -3  -2  -1   19   1   0   1   0   0   9   1   0   1   1   7   2   0   4   3  48   0   0   2  0.44 0.20
  294 I     4  -2  -2  -3  -1  -2  -2  -1  -3   0  -1  -2  -1  -2  -2   0   1  -3  -2   2   55   1   0   1   0   0   1   2   0   3   2   1   0   0   1   2   7   0   0  23  0.45 0.20
  295 L     0  -2  -2  -2  -2  -2  -2  -2  -3   0   1  -2   2  -2  -2   0   4  -3  -2   1    9   1   1   1   0   1   1   1   0   4  15   1   7   0   1   2  42   0   0  14  0.33 0.16
  296 K    -2   5   0  -2  -2   0  -1  -2   3  -2  -3   2  -2  -3  -2  -1   0  -3   0  -2    2  45   4   1   1   0   1   1  11   3   1  17   0   0   1   2   6   0   3   2  0.54 0.19
  297 G    -1  -1   3   4  -3   0   2  -1   0  -2  -2  -1  -2  -3  -2   0  -1  -3   0  -2    4   1  16  35   0   1  17   4   2   3   4   1   0   0   1   5   1   0   3   2  0.41 0.15
  298 S     4  -2  -2  -2  -2  -2  -2   0  -2  -1  -2  -2  -2  -1  -2   2   1  -3  -2   1   49   1   0   1   0   0   1   7   0   1   1   1   0   4   1  14   8   0   0  11  0.37 0.17
  299 L    -1  -3  -3  -3  -2  -3  -3  -2  -3   2   2  -3   2  -1  -3  -2  -1  -3  -2   4    3   1   0   1   0   0   1   3   0   9  21   1   6   0   1   1   1   0   0  52  0.48 0.19
  300 N    -1  -1   2  -1  -2   0   0  -2  -2   0  -1   1   0  -2  -2   1   1  -3  -2   3    1   1  13   1   0   5   6   1   0   3   2  11   2   0   1  11  11   0   0  33  0.17 0.13
  301 L     1  -1   1  -1  -2   1   1  -2  -1   0   1  -1   0   1  -2   0   0  -2  -1   0   22   1   7   1   0   7  10   1   0   8  14   3   0   8   1   4   6   0   0   5  0.07 0.07
  302 L     2  -2  -2  -3  -1  -2  -2  -1  -3   1   2  -2   1  -1  -2  -1   0  -2  -2   2   28   1   0   1   0   0   1   4   0   7  24   1   4   2   1   1   6   0   0  20  0.21 0.12
  303 A     5  -2  -2  -2  -2  -1  -2   1  -2  -2  -3  -1  -2  -3  -2   2   1  -3  -3  -2   62   1   0   1   0   2   1   7   0   1   1   2   0   0   1  11   9   0   0   1  0.58 0.23
  304 G     1  -1   1   1  -2   0   1   0  -1  -2  -1   1  -2  -2  -2   2   0  -3  -2  -2   10   1   6   6   0   3  13   8   0   1   6  10   0   2   1  28   3   0   0   2  0.19 0.10
  305 L     0  -1  -2  -1  -2  -1  -1  -2  -2   2   1   1   1   1  -2  -1  -1   1  -1   2   10   1   0   4   0   1   2   1   0  15   9  16   3   7   1   1   2   2   0  25  0.12 0.10
  306 G     1  -3  -2  -2  -3  -2  -3   6  -3  -2  -3  -1  -3  -3  -3  -1  -2  -3  -3   1   10   1   1   1   0   1   1  65   0   1   1   3   0   0   1   1   1   0   0  13  0.86 0.24
  307 G     1  -3  -1  -1  -3  -2  -2   6  -3  -4  -4  -2  -3  -3  -2   1  -1   0  -3  -3   11   1   1   2   0   1   2  64   0   1   1   1   0   0   1   9   2   1   0   1  0.84 0.23
  308 F     3  -2  -2  -3  -2  -2  -2   1  -2  -2   0  -1  -1   3  -2   0  -1  -2   1  -1   45   1   1   1   0   1   1   9   0   1  10   3   0  16   1   5   1   0   5   1  0.31 0.16
  309 A     2  -2  -2  -2  -2  -1  -1  -2  -2   1   1  -1   3   0   0  -1   0   3   1   1   22   1   1   1   0   3   5   1   0   6  11   4  10   4   5   1   5   5   5  10  0.14 0.11
  310 V     0  -3  -3  -3  -2  -2  -3  -3  -3   3   3  -3   2  -1  -3  -2  -1  -3  -2   3    7   1   1   1   0   1   1   1   0  23  31   1   6   0   1   1   1   0   0  25  0.41 0.17
  311 E    -1   0   0   0  -3   2   1   5  -2  -3  -3   0  -3  -3  -2   0  -2  -3  -3  -2    1   5   4   4   0  12   8  48   0   1   1   6   0   0   1   4   1   0   0   4  0.53 0.20
  312 A     0   0   0   3  -3   1   3  -1  -2  -1  -2   0   0  -1  -2   0   0  -3  -2   1    6   3   3  18   0   4  25   3   0   3   1   5   3   3   0   4   4   0   0  14  0.21 0.12
  313 V     1  -1  -3  -3  -2  -2  -3  -3  -3   3   1  -2   1   1  -3   0  -1  -2   0   3   12   3   0   0   0   0   1   1   0  24  14   0   4   7   0   6   0   0   3  24  0.23 0.13
  314 V     1  -3  -3  -3  -2  -3  -3  -3  -3   3   0  -3   0   0  -3  -2  -1  -3  -2   4   12   1   0   1   0   0   1   1   0  20   4   1   0   5   1   1   1   0   0  52  0.46 0.19
  315 G     0  -1   1   0  -2   0   1   4  -2  -3  -3   0  -2  -3  -2   1   1  -3  -3  -2    7   1   5   6   0   4  10  36   0   1   1   7   0   0   1   7  15   0   0   1  0.35 0.12
  316 A     3  -2  -1  -1  -1  -1  -1   0  -2   0  -1  -1  -1  -2  -2   1   2  -3  -2   1   37   1   1   3   0   0   1   5   0   3   4   1   0   0   1  12  15   0   0  15  0.24 0.13
  317 A     6  -2  -3  -3  -2  -2  -1  -1  -3  -1  -2  -2  -2  -3  -2   0  -1  -3  -3   0   81   1   0   1   0   0   3   1   0   2   1   1   0   0   1   2   1   0   0   5  0.83 0.31
  318 V     0  -3  -3  -4  -2  -3  -3  -3  -3   3   2  -3   2  -1  -3  -2  -1  -3  -2   4    9   0   0   0   0   0   0   1   0  22  21   0   6   0   0   1   0   0   0  37  0.43 0.18
  319 T     2  -1  -1  -2  -2   0   1   1  -2  -1  -1  -1   0  -2   0   1   2  -3  -2   1   30   2   0   0   0   2   9   9   0   0   7   0   2   0   3   9  14   0   0  11  0.16 0.11
  320 K     2  -2   0  -1  -2  -1   0  -2  -2  -2  -2  -1  -2  -2  -2   2   4  -3  -2  -1   17   0   2   1   0   0   8   1   0   0   1   3   0   2   0  20  40   0   0   3  0.41 0.20
  321 A     1  -1   0  -1   2   0   0   2   0  -1  -1  -1   1  -2  -2   0   0  -2  -2   0   19   2   3   2   6   3   6  22   2   1   6   3   6   1   1   3   3   0   1  11  0.12 0.07
  322 V    -2  -3  -3  -3  -2  -2  -1  -4  -3   1   4  -3   0   1  -3  -3  -2  -2  -1   3    1   1   1   1   0   0   4   1   0   2  49   1   0   8   1   1   1   0   0  29  0.44 0.19
  323 A     2  -1  -1  -1   1  -1   1  -2  -2   0  -1   0  -1  -2   0   0   2  -3  -2   2   21   3   1   2   3   1  11   1   0   4   4   5   0   1   3   1  20   0   0  21  0.14 0.11
  324 N     0  -2   2   2  -1  -1   0   4  -2  -2  -3  -1  -2  -3   0  -1  -1  -3  -3  -1    7   1  10  16   2   1   7  40   0   2   1   1   0   1   4   1   1   0   1   4  0.40 0.14
  325 V     1  -2   0  -1  -1   0   0  -2  -2   2   0  -1   0  -1  -2   0   1  -2  -1   2   15   1   7   2   0   7   5   1   0  19   5   1   2   2   1   4   9   0   0  19  0.10 0.08
  326 G     2  -1  -1   0  -3   2   4  -1  -1  -3  -3   0  -2  -2   0  -1   0  -3  -2  -2   21   1   1   1   0  10  44   4   0   1   1   2   0   2   3   1   4   0   0   2  0.45 0.19
  327 A     3  -2  -2  -2  -1  -2  -2  -2  -2   1   1  -1   0  -2  -2  -1   1  -3  -2   1   42   1   1   1   0   1   1   1   0  10  17   4   1   0   1   1   8   0   0  11  0.24 0.14
  328 G     2  -2   0  -1   0  -1  -1   2   0  -2  -2  -1  -2  -3  -2   2   3  -3  -2  -2   20   1   2   1   2   1   1  19   3   1   1   1   0   1   1  22  23   0   0   1  0.32 0.14
  329 V     2  -2  -1  -2  -1  -1  -1  -1  -2   0   0  -1  -1  -2   1   2   1  -3  -2   1   19   1   1   1   0   1   1   1   0   3   7   1   0   1   7  28  11   0   0  17  0.22 0.12
  330 F     1  -2  -3  -3  -2  -2  -3  -1  -3   1   3  -2   1   2  -3  -2  -1  -2  -1   2   12   1   0   1   0   0   1   4   0   6  41   1   2  11   1   1   3   0   0  15  0.25 0.12
  331 A     0  -3  -3  -3  -2  -2  -3  -1  -2   0   1  -2   1   5  -3  -2  -1  -1   2   1   13   1   1   1   0   1   1   4   0   5  11   1   4  39   1   1   4   0   5   8  0.35 0.15
  332 C    -1  -3  -3  -3   0  -3  -3  -3  -3   2   0  -3   1  -2  -3  -2  -1  -3  -2   5    2   1   1   1   2   1   1   1   0   8   6   1   2   1   1   1   1   0   0  70  0.66 0.24
  333 S     1  -2  -1  -2   1  -1  -1  -1  -2  -1   0  -1   0  -2  -2   2   4  -3  -2   0   12   1   1   1   2   1   2   4   0   1   8   1   2   1   1  20  36   0   0   8  0.28 0.15
  334 L     2  -2  -2  -2   0  -2  -2   1  -2   0   1  -1   3  -1  -2  -1  -1  -2  -2   1   24   1   1   1   2   1   1  14   0   3  18   3  13   0   1   2   1   0   0  16  0.15 0.09
  335 A     3  -2  -2  -3  -1  -2  -2   0  -3   2  -1  -2   0  -2  -2   0   0  -3  -2   2   43   1   0   1   0   0   1   4   0  14   2   1   1   0   1   2   5   0   0  24  0.29 0.14
  336 G     0  -3  -1  -2  -3  -2  -3   6  -3  -4  -4  -2  -3  -4   0   0  -2  -3  -3  -3    7   1   0   1   0   0   1  79   0   1   1   1   0   0   4   3   1   0   0   1  1.13 0.24
  337 F     0  -3  -3  -3  -2  -3  -3  -1  -2   2   1  -3   0   5  -2  -1  -1  -1   1   2    7   1   0   1   0   0   1   4   0  15  11   1   0  37   1   2   2   0   0  16  0.32 0.13
  338 V     1  -3  -3  -3  -2  -3  -3  -3  -3   3   0  -3   0  -2  -3  -2   1  -3  -2   4   13   0   0   0   0   0   0   1   0  17   3   0   0   0   0   1   7   0   0  54  0.45 0.18
  339 V     2  -2  -2  -2  -2  -2  -2   1  -3   0  -1  -2  -1   1  -2   0   1  -3  -1   2   27   0   0   0   0   0   0  13   0   3   1   0   0   7   0   6  10   0   0  30  0.20 0.12
  340 G     0  -3  -1  -2  -1  -2  -2   6  -3  -4  -4  -2  -3  -4  -3   2  -2  -3  -3  -3    2   0   0   0   2   0   0  72   0   0   1   0   0   0   0  20   0   0   0   0  1.04 0.25
  341 A     0  -3  -3  -3  -2  -3  -3  -3  -3   3   1  -3   0   4  -3  -1   0  -2   0   1    9   0   0   0   0   0   0   0   0  34   5   0   0  30   0   6   6   0   0   6  0.36 0.16
  342 I     2  -2  -2  -2  -1  -2  -2   2  -2   1   1  -2   0  -1  -2  -1  -1  -2  -2   2   22   0   0   0   0   0   0  24   0   7  15   0   0   0   0   1   0   0   0  26  0.17 0.05
  343 A     1  -1  -1  -2  -2  -2  -2   4  -2   1   0  -1  -1  -2  -2   0  -1  -3  -2   1   15   4   0   0   0   0   0  39   0  17   5   0   0   0   0   3   0   0   0  13  0.24 0.05
  344 G     2  -2  -1  -2   2  -1  -2   4  -2  -2  -2  -1  -2  -3  -2   1  -1  -3  -2  -1   26   0   0   0   5   0   0  45   0   0   1   0   0   0   0  12   0   0   0   6  0.42 0.07
  345 L    -1  -3  -3  -4  -2  -3  -3  -3  -1   1   1  -3   0   4  -3  -2  -2   0   4   1    5   0   0   0   0   0   0   0   0   9  14   0   0  33   0   0   0   0  22  17  0.41 0.08
  346 I     0  -3  -4  -4  -2  -3  -3  -4  -3   4   3  -3   1   0  -3  -2  -1  -3  -2   2    8   0   0   0   0   0   0   0   0  46  35   0   0   0   0   0   0   0   0  11  0.39 0.08
  347 F    -2  -3  -4  -4  -2  -3  -3  -4  -3   3   2  -3   1   3  -3  -3  -1  -2   0   2    0   0   0   0   0   0   0   0   0  29  30   0   0  21   0   0   0   0   0  20  0.38 0.07
  348 V     1  -1  -1  -2  -3  -2  -3   6  -3  -2  -3  -2  -3  -4  -3   0  -1  -3  -3  -1   10   4   0   0   0   0   0  70   0   3   0   0   0   0   0   2   4   0   0   7  0.81 0.17
  349 G     2   0  -1   0  -2   1   3  -1  -2   0   0   1   0  -2  -2   0  -1  -3  -2  -1   30   2   0   2   0   4  27   4   0   8   7   8   4   1   0   0   2   0   0   2  0.17 0.09
  350 V     2  -3  -3  -3  -2  -3  -3  -2  -3   3   1  -3   0   3  -3  -1  -1  -2   0   2   32   0   0   0   0   0   0   0   0  25   8   0   0  23   0   0   0   0   0  12  0.32 0.12
  351 S     4  -2  -2  -2  -1  -2  -2   0  -3  -2  -2  -2  -2  -3  -2   1   2  -3  -3   0   62   0   0   0   0   0   0   3   0   0   0   0   0   0   0   7  21   0   0   8  0.50 0.17
  352 G     1  -3  -2  -3  -3  -3  -3   6  -3   0  -3  -3  -3  -4  -3   0   0  -4  -4   0    8   0   0   0   0   0   0  67   0   6   0   0   0   0   0   6   6   0   0   6  0.86 0.23
  353 L     1  -2  -2   0   0  -1   1  -1   1  -1  -1  -2  -2   0  -3   0  -1   7   0  -1   17   0   0   6   3   0  11   3   5   3   8   0   0   4   0   9   3  22   3   4  0.39 0.14
  354 L    -2  -3  -4  -5  -2  -3  -4  -5  -4   3   4  -4   3   2  -4  -3  -2  -3  -2   2    0   0   0   0   0   0   0   0   0  15  58   0   7   7   0   0   0   0   0  13  0.64 0.20
  355 I    -2  -4  -4  -4   2  -4  -4  -4  -3   3   1  -4   2   5  -4  -3  -2  -2   0   2    0   0   0   0   5   0   0   0   0  28  11   0   7  33   0   0   0   0   0  16  0.59 0.18
  356 N    -1  -3   2   6  -4  -1   1   0  -2  -4  -4  -2  -4  -3  -3   0  -1   4   0  -4    4   0  10  60   0   0   4   6   0   0   0   0   0   0   0   5   3   6   3   0  0.84 0.23
  357 L     1  -1  -2   0  -2  -1   0  -3  -1   0   3   1   0   0  -3  -1  -1  -3  -2   0   12   2   0   7   0   1   7   0   1   1  42  11   1   3   0   4   0   0   0   6  0.16 0.12
  358 I    -3  -4  -5  -5  -3  -4  -4  -5  -5   6   2  -4   0   0  -4  -4  -1  -4  -2   3    0   0   0   0   0   0   0   0   0  68  12   0   0   3   0   0   3   0   0  13  0.91 0.28
  359 I    -3  -4  -4  -5  -3  -4  -4  -5  -3   2   1  -4   1   7  -5  -2  -3  -1   1   1    0   0   0   0   0   0   0   0   0  11  12   0   3  63   0   4   0   0   0   7  1.03 0.29
  360 G    -1   1  -1  -2   1  -2   0   5  -1  -4  -4  -1  -3  -4  -3   2  -2  -4  -4  -3    0   9   0   0   4   0   6  54   1   0   0   1   0   0   0  23   0   0   0   2  0.74 0.24
  361 S     0  -2   0   0  -1  -2  -1  -1  -1  -3  -3  -2  -3   1  -3   5   2  -4  -2  -3    2   0   1   4   1   0   3   2   1   0   0   0   0   7   0  65  13   0   0   0  0.68 0.28
  362 P     0  -3  -1   1  -4  -3  -2   6  -3  -5  -5  -2  -4  -5   0  -1   0  -4  -4  -4    7   0   2   7   0   0   2  70   0   0   0   2   0   0   3   0   7   0   0   0  1.01 0.27
  363 R    -1  -1  -1   1  -3  -2  -1   5  -3  -3  -1  -1  -3  -4   0   0  -1  -4  -4  -2    2   3   0   9   0   0   3  58   0   0   7   3   0   0   4   4   2   0   0   4  0.64 0.20
  364 K     0  -1   2  -1  -3   1   1  -2   1  -3  -3   2  -2  -4   0   2   2  -4  -2  -2    5   0  15   0   0   8   8   0   4   0   0  15   0   0   3  23  17   0   0   3  0.33 0.15
  365 V     2  -1   1   0  -2  -1  -1  -1  -2   0  -1   1  -1  -2   2   0   1  -3  -1   2   21   1   8   4   0   0   1   2   0   5   2  10   0   0   9   3   9   0   3  22  0.15 0.11
  366 P    -2  -2  -3  -1  -4  -3  -3  -4   0  -1  -1   0  -3  -4   7  -2   1  -5  -4  -1    0   2   0   3   0   0   0   0   3   3   7   6   0   0  59   1  12   0   0   5  1.23 0.33
  367 D    -1  -2   1   0  -3  -1  -1  -2   3  -1   0   0  -2  -3   4   2   0  -4  -2  -1    0   0   7   4   0   2   1   0   9   4  11   4   0   0  27  18   5   0   0   5  0.40 0.16
  368 M    -2  -3   0  -2  -3  -1  -1  -3   0   0   0  -2   1  -3   2   0   4  -4  -3   1    0   0   5   0   0   2   3   0   3   3   9   0   6   0  11   5  41   0   0  13  0.39 0.22
  369 S    -1  -2   2   4  -4  -1   3  -1  -2  -4  -4   0  -3  -4   0   1   2  -5  -4  -3    5   0  10  31   0   0  23   3   0   0   0   3   0   0   3   7  16   0   0   0  0.56 0.22
  370 K    -2  -1   2   3  -4  -1  -1   4   2  -4  -3   1  -3  -4  -1   0  -1  -4  -3  -4    0   1   9  23   0   2   2  37   6   0   3   9   0   0   2   3   4   0   0   0  0.54 0.20
  371 L    -2  -2  -2  -3  -3   0  -2  -3   6  -1   3  -3   0   2  -1  -1   0  -3  -1  -1    0   0   1   0   0   3   0   2  32   2  32   0   2  10   2   6   6   0   0   3  0.51 0.23
  372 M    -2   2  -1  -2  -3   2  -1  -3   3   2   0   1   0  -2  -1  -1   1  -3   0   0    0  14   2   0   0  13   0   0  11  17   6  11   2   0   2   3   9   0   2   6  0.18 0.13
  373 F    -2  -5  -5  -5   8  -5  -5  -5  -4  -1   0  -5  -2   6  -5  -2  -3  -2   0   0    1   0   0   0  44   0   0   0   0   2   6   0   0  37   0   2   0   0   2   5  1.40 0.37
  374 H    -4   2  -3  -5   3  -3  -3  -5   6  -4  -4  -3  -3   1  -5  -3  -4  -1   8  -4    0  13   0   0   6   0   0   0  20   0   0   0   0   2   0   0   0   0  59   0  1.51 0.42
  375 T    -1  -4  -4  -4  -3  -4  -4  -4  -4   1   0  -4  -1   0  -4  -1   1  -4  -3   6    4   0   0   0   0   0   0   0   0   3   2   0   0   3   0   5   9   0   0  73  0.85 0.32
  376 A     6  -3  -3  -4  -2  -1  -3  -2  -4  -1  -3  -3  -2  -4  -3   0   0  -4  -4   1   82   0   0   0   0   2   0   0   0   3   0   0   0   0   0   1   4   0   0   8  1.00 0.36
  377 V    -1  -1  -2   1  -4   1  -1  -3  -1  -2  -3   0  -3  -4   6  -1   2  -5  -4  -1    5   3   0   8   0   6   3   0   1   2   0   4   0   0  43   3  18   0   0   4  0.84 0.24
  378 M     0  -4  -5  -5  -4  -3  -4  -5  -4  -1   2  -4   9  -2  -1  -3  -2  -4  -3  -2    6   0   0   0   0   0   0   0   0   0  17   0  72   0   3   0   2   0   0   0  1.55 0.46
  379 P    -2  -5  -4  -4  -5  -4  -4  -5  -5  -5  -5  -3  -5  -6   8  -2  -3  -6  -5  -5    2   0   0   0   0   0   0   0   0   0   0   0   0   0  95   3   0   0   0   0  2.75 0.55
  380 D    -2  -3   4   7  -5  -2   0  -3  -1  -5  -5  -2  -5  -5  -3  -2  -2  -6  -4  -5    3   0  25  69   0   0   2   0   1   0   0   0   0   0   0   0   0   0   0   0  1.41 0.35
  381 G    -1  -4  -2  -3  -4  -4  -4   7  -4  -5  -5  -3  -4  -5  -4  -2  -3  -4  -5  -2    3   0   0   0   0   0   0  94   0   0   0   0   0   0   0   0   0   0   0   3  1.76 0.38
  382 M     0   0   1  -2  -3  -1   1  -3   3  -1   0   2   4  -2  -3   0  -1  -3  -2   0    7   1   9   0   0   0  11   0   8   0  11  20  18   0   0   9   0   0   0   5  0.21 0.14
  383 A     3   0  -2   2  -2   0   2  -1  -1  -1  -2  -1   0  -3  -1  -1  -1  -4  -3   2   37   5   0  12   0   3  15   2   1   0   1   0   2   0   3   0   1   0   0  18  0.26 0.15
  384 L    -3  -4  -5  -5  -3  -2  -3  -5  -4   2   5  -4   0   0  -5  -4  -3  -3  -2  -1    0   0   0   0   0   1   2   0   0   7  87   0   0   3   0   0   0   0   0   0  1.03 0.30
  385 A     6  -3  -3  -4  -2  -3  -3  -2  -4  -3  -3  -3  -3  -4  -3   0  -2  -5  -4  -2   97   0   0   0   0   0   0   0   0   0   0   0   0   0   0   3   0   0   0   0  1.35 0.39
  386 Y    -3   6   1  -3  -4   0  -2  -4   2  -3  -2   2  -2   0  -4  -2  -2  -3   3  -3    0  54   9   0   0   2   0   0   5   1   3  12   0   3   0   0   0   0  11   0  0.78 0.25
  387 A    -1   2  -2  -2  -4   6   1  -3   0   0   0  -1  -1  -3   0  -1  -2  -4  -3  -2    2  11   0   0   0  49   7   0   2   8  12   0   0   0   5   4   0   0   0   0  0.57 0.24
  388 V    -3  -4  -5  -5  -3  -4  -5  -5  -5   6   1  -4   2  -2  -4  -4  -2  -4  -3   3    0   0   0   0   0   0   0   0   0  71   8   0   6   0   0   0   1   0   0  13  1.02 0.29
  389 S     5  -2  -3  -3  -2  -2  -2  -2  -3  -2  -2   1  -1  -3  -2   1  -1  -4  -3   0   71   0   0   0   0   0   0   0   0   0   3  11   1   0   0   9   0   0   0   6  0.68 0.24
  390 H    -3  -2   2  -3  -5  -1  -2  -4  10  -5  -5  -2  -3  -2  -4  -2  -3  -3   3  -5    0   0  10   0   0   0   0   0  82   0   0   0   0   0   0   0   0   0   8   0  1.91 0.34

                      K         Lambda
Standard Ungapped    0.1314     0.3185
Standard Gapped      0.0392     0.2670
PSI Ungapped         0.1279     0.3174
PSI Gapped           0.0392     0.2670
