
Last position-specific scoring matrix computed, weighted observed percentages rounded down, information per position, and relative weight of gapless real matches to pseudocounts
            A   R   N   D   C   Q   E   G   H   I   L   K   M   F   P   S   T   W   Y   V   A   R   N   D   C   Q   E   G   H   I   L   K   M   F   P   S   T   W   Y   V
    1 M    -1  -1  -2  -3  -1   0  -2  -3  -2   1   2  -1   5   0  -3  -2  -1  -1  -1   1    0   0   0   0   0   0   0   0   0   0   0   0   0   0   0   0   0   0   0   0  0.00     0.00
    2 E    -1   0   0   2  -4   2   5  -2   0  -3  -3   1  -2  -3  -1   0  -1  -3  -2  -2    0   0   0   0   0   0   0   0   0   0   0   0   0   0   0   0   0   0   0   0  0.00     0.00
    3 S     1  -1   1   0  -1   0   0   0  -1  -2  -2   0  -2  -2  -1   4   1  -3  -2  -2    0   0   0   0   0   0   0   0   0   0   0   0   0   0   0   0   0   0   0   0  0.00     0.00
    4 G     0  -2   0  -1  -3  -2  -2   6  -2  -4  -4  -2  -3  -3  -2   0  -2  -3  -3  -3    0   0   0   0   0   0   0   0   0   0   0   0   0   0   0   0   0   0   0   0  0.00     0.00
    5 S     1  -1   1   0  -1   0   0   0  -1  -2  -2   0  -2  -2  -1   4   1  -3  -2  -2    0   0   0   0   0   0   0   0   0   0   0   0   0   0   0   0   0   0   0   0  0.00     0.00
    6 K    -1   2   0  -1  -3   1   1  -2  -1  -3  -2   5  -1  -3  -1   0  -1  -3  -2  -2    0   0   0   0   0   0   0   0   0   0   0   0   0   0   0   0   0   0   0   0  0.00     0.00
    7 K    -1   2   0  -1  -3   1   1  -2  -1  -3  -2   5  -1  -3  -1   0  -1  -3  -2  -2    0   0   0   0   0   0   0   0   0   0   0   0   0   0   0   0   0   0   0   0  0.00     0.00
    8 V     0  -3  -3  -3  -1  -2  -2  -3  -3   3   1  -2   1  -1  -2  -2   0  -3  -1   4    0   0   0   0   0   0   0   0   0   0   0   0   0   0   0   0   0   0   0   0  0.00     0.00
    9 A     4  -1  -2  -2   0  -1  -1   0  -2  -1  -1  -1  -1  -2  -1   1   0  -3  -2   0    0   0   0   0   0   0   0   0   0   0   0   0   0   0   0   0   0   0   0   0  0.00     0.00
   10 A     4  -1  -2  -2   0  -1  -1   0  -2  -1  -1  -1  -1  -2  -1   1   0  -3  -2   0    0   0   0   0   0   0   0   0   0   0   0   0   0   0   0   0   0   0   0   0  0.00     0.00
   11 C     0  -4  -3  -4  10  -3  -4  -3  -3  -1  -1  -3  -2  -3  -3  -1  -1  -3  -3  -1    0   0   0   0 100   0   0   0   0   0   0   0   0   0   0   0   0   0   0   0  1.22 0.01
   12 V     3  -2  -2  -3  -1  -2  -2  -1  -3   1   0  -2   0  -2  -2   0   0  -3  -2   3   50   0   0   0   0   0   0   0   0   0   0   0   0   0   0   0   0   0   0  50  0.21 0.00
   13 L    -2  -2  -4  -4  -1  -2  -3  -4  -3   2   4  -3   2   0  -3  -3  -1  -2  -1   1    0   0   0   0   0   0   0   0   0   0 100   0   0   0   0   0   0   0   0   0  0.47 0.01
   14 A     2  -2  -2  -3   6  -2  -2  -1   0  -1  -1  -2  -1   0  -2   0  -1   0   4  -1   38   0   0   0  31   0   0   0   0   0   0   0   0   0   0   0   0   0  31   0  0.38 0.01
   15 L    -2  -3  -4  -4  -2  -3  -3  -4  -2   1   4  -3   2   4  -3  -3  -2  -1   1   0    0   0   0   0   0   0   0   0   0   0  69   0   0  31   0   0   0   0   0   0  0.40 0.01
   16 L    -2  -3  -4  -4  -1  -3  -3  -4  -3   4   3  -3   2   0  -3  -3  -1  -2  -1   2    0   0   0   0   0   0   0   0   0  62  38   0   0   0   0   0   0   0   0   0  0.37 0.01
   17 L    -1  -3  -3  -4  -1  -2  -3  -4  -3   2   3  -3   1   0  -3  -2  -1  -3  -1   3    0   0   0   0   0   0   0   0   0   0  38   0   0   0   0   0   0   0   0  62  0.32 0.01
   18 L    -2  -2  -4  -4  -1  -2  -3  -4  -3   2   4  -3   2   0  -3  -3  -1  -2  -1   1    0   0   0   0   0   0   0   0   0   0 100   0   0   0   0   0   0   0   0   0  0.47 0.01
   19 Q    -1   0  -1  -2  -2   4   0  -3  -1   3   0   0   0  -2  -2  -1  -1  -3  -2   1    0   0   0   0   0  54   0   0   0  46   0   0   0   0   0   0   0   0   0   0  0.27 0.02
   20 L    -2  -3  -4  -4  -2  -2  -3  -4  -3   2   4  -3   2   0  -3  -3  -1  -2  -1   1    0   0   0   0   0   0   0   0   0   0 100   0   0   0   0   0   0   0   0   0  0.52 0.03
   21 M    -2  -2  -3  -4  -2  -2  -3  -3  -2   1   2  -2   5   4  -3  -2  -1  -1   1   0    0   0   0   0   0   0   0   0   0   0  15   0  48  37   0   0   0   0   0   0  0.38 0.03
   22 V    -1  -3  -3  -4  -1  -2  -3  -4  -3   2   3  -3   1   0  -3  -2  -1  -3  -1   3    0   0   0   0   0   0   0   0   0   0  41   0   0   0   0   0   0   0   0  59  0.34 0.02
   23 A     1  -1  -2  -2  -2   3   0  -2  -1  -1  -1  -1   0   4  -2  -1  -1  -1   1  -1   22   0   0   0   0  37   0   0   0   0   0   0   0  41   0   0   0   0   0   0  0.27 0.02
   24 P    -1  -3  -3  -3  -2  -2  -2  -3  -3   1   3  -2   1  -1   5  -2  -1  -3  -2   1    0   0   0   0   0   0   0   0   0   0  47   0   0   0  33   0   0   0   0  20  0.54 0.03
   25 T    -1  -2   1  -2  -1  -1  -2  -2  -2   1   2  -2   0  -1  -2   0   3  -3  -2   1    0   0  14   0   0   0   0   0   0   0  32   0   0   0   0   0  40   0   0  14  0.21 0.03
   26 T    -1  -3  -2  -3   4  -2  -2  -3  -2   1   1  -2   0   0   3  -1   1  -2   2   2    0   0   0   0  12   0   0   0   0   8  12   0   0   0  20   0  14   0  12  21  0.28 0.03
   27 A     3  -2   2  -1  -1  -1  -1  -1  -1   0  -1  -1  -1   1  -2   2   0  -2  -1   0   41   0  16   0   0   0   0   0   0  12   0   0   0  12   0  19   0   0   0   0  0.17 0.03
   28 T     2  -1   0  -1  -1  -1  -1  -1  -2  -2  -3  -1  -2  -3   3   4   2  -3  -2  -2   12   0   0   0   0   0   0   0   0   0   0   0   0   0  12  63  13   0   0   0  0.46 0.05
   29 A     0  -1   3   2  -2  -1   1  -2  -1  -1   2  -1   0  -2  -2  -1  -1  -3  -2  -1   12   0  31  10   0   0  11   0   0   0  36   0   0   0   0   0   0   0   0   0  0.19 0.04
   30 R     2   1  -1  -2  -1  -1  -2   1  -2   0  -1  -1  -1  -2  -2   0   2  -3  -2   2   30  12   0   0   0   0   0  14   0   0   0   0   0   0   0   0  18   0   0  26  0.17 0.03
   31 L    -2   2  -2  -3  -2  -1  -2  -3   3   0   2  -1   5  -1  -3  -2  -1  -2  -1   0    0  21   0   0   0   0   0   0  10   0  22   0  47   0   0   0   0   0   0   0  0.34 0.07
   32 L    -1  -3  -3  -4  -2  -2  -3  -4  -3   2   4  -3   1   0  -3  -2   1  -2  -2   2    0   0   0   0   0   0   0   0   0   0  69   0   0   0   0   0  10   0   0  21  0.39 0.05
   33 Q    -1   0   0   2  -3   3   3  -2  -1  -2  -1   2   3  -3  -2  -1  -1  -3  -2  -2    0   0   0  14   0  19  26   0   0   0   0  20  21   0   0   0   0   0   0   0  0.34 0.05
   34 Q     2  -1  -1   1  -2   2   2  -1  -1  -2  -2   0  -1  -3  -1   1   1  -3  -2   0   30   0   0  10   0  12  21   0   0   0   0   0   0   0   0  10  10   0   0   7  0.24 0.03
   35 A     0   0  -1   0  -2   3   0  -2   2   1  -1   1   0  -2  -2  -1  -1  -3  -1   1   12   0   0   7   0  32   0   0   7  10   0  10   0   0   0   0   0   0   0  21  0.16 0.04
   36 D     1  -2   0   3  -2   0   1  -1  -2   0  -2  -1  -1  -3  -1   2   2  -3  -2  -1   21   0   0  22   0   0  11   0   0  10   0   0   0   0   0  19  17   0   0   0  0.23 0.03
   37 T     0  -2  -1  -2  -1  -1  -2  -2  -2   2   1  -2   0  -1  -2   2   1  -3  -2   1    0   0   0   0   0   0   0   0   0  21  21   0   0   0   0  36  12   0   0  10  0.18 0.04
   38 S     0  -1   3   3  -2  -1   0  -1  -1  -1  -3  -1  -2  -3  -2   3   0  -4  -2  -2    0   0  25  19   0   0   0   0   0  10   0   0   0   0   0  47   0   0   0   0  0.36 0.05
   39 P     1   2  -1  -2  -2  -1  -1  -2  -2  -2  -2   0  -2  -3   4   1   2  -3  -2  -1   21  21   0   0   0   0   0   0   0   0   0   0   0   0  22  10  26   0   0   0  0.42 0.04
   40 V     0  -3   0  -3  -1  -2  -3  -3  -3   2   2  -2   1   1  -3  -1  -1  -2  -1   3   10   0  10   0   0   0   0   0   0  19  21   0   0   7   0   0   0   0   0  33  0.18 0.03
   41 F    -1  -1  -2  -2  -2   1  -1  -3  -2   0  -1   1  -1   4   2  -1   2  -1   1  -1    0   0   0   0   0  14   0   0   0  10   0  12   0  33  10   0  21   0   0   0  0.21 0.04
   42 G     0  -2  -1  -1  -2  -1   0   3  -2   1   0  -1   0  -2  -2  -1  -1  -2  -2   1    7   1   0   1   0   0  11  34   0  10  12   1   0   0   1   1   1   0   0  21  0.16 0.02
   43 L    -1   0  -1  -1  -3   2   1  -2  -1   0   0   2  -1  -2   4  -1  -1  -3  -2  -1    1   1   0   1   0  11  11   1   0  10  13  22   0   0  27   1   1   0   0   1  0.35 0.03
   44 D     0  -1   0   4  -2   0   2  -1  -1  -2  -2  -1  -2  -3  -1   0   3  -3  -2  -1   11   1   0  38   0   0  10   1   0   1   1   1   0   0   1   1  33   0   0   1  0.37 0.04
   45 I    -1  -2  -2  -2  -2  -1   0  -2  -2   2   2  -2   1   0  -2  -2  -1   6   0   1    2   1   1   1   0   1  11   2   0  27  32   1   0   1   1   2   1  13   1   1  0.22 0.03
   46 I     0  -2  -2  -2  -1  -2  -2   3  -2   2   1  -2   0  -1  -2  -1  -1  -2  -2   1   11   1   1   1   0   1   1  28   0  34  12   1   0   1   1   2   1   0   1   1  0.14 0.02
   47 A     1   0   1  -1  -2   0   0  -1  -1  -2  -2   2  -1   1  -1   2   0  -2  -1  -1   14   1  11   1   0   1   1   2   0   1   2  27   0  11   1  22   1   0   1   1  0.14 0.02
   48 R    -1   4   2  -1  -2   1   0   1  -1  -2   0   1  -1  -2  -2  -1  -1  -2  -2  -2    2  39  15   1   0   8   1  12   0   1  12   1   0   1   1   2   1   0   1   1  0.22 0.03
   49 E     1  -1  -1  -1  -1   0   1  -1  -1   0   1   1   0  -1  -1   1   1  -2  -1   0   12   1   1   1   0   1  13   2   0   1  28  11   0   1   1  15   8   0   1   1  0.08 0.01
   50 F    -1  -1   3  -1  -2  -1  -1  -2  -1   1   2  -1   0   2  -2  -1  -1  -1   0   0    2   1  28   1   0   1   1   2   0  15  28   1   0  13   1   2   1   0   1   1  0.12 0.02
   51 G    -1  -1   3  -1  -2  -1  -1   2  -1  -1   0  -1   3  -1  -2   0   0  -2  -2  -1    2   1  25   1   0   1   1  19   0   1   9   1  26   1   1   7   1   0   1   1  0.14 0.02
   52 H     0  -1   3   0  -2   0  -1  -1   4  -1  -1   0  -1  -2  -2   0  -1  -3  -1  -1   14   1  32   1   0   0   1   1  23   1  10   8   0   0   1   1   1   0   0   7  0.20 0.02
   53 P     0   1  -1  -2  -2  -1  -1   2   3  -1   0  -1  -1  -2   4  -1  -1  -2  -1  -1    8  14   0   1   0   0   1  18  13   1  14   1   0   0  21   1   1   0   0   7  0.23 0.01
   54 D    -1  -1   0   3  -3   0   2   2  -1  -1   0  -1  -1  -2  -2  -1  -1  -3  -2  -1    1   0   0  31   0   0  22  20   0   0  12   1   0   0   0   1   1   0   0   9  0.24 0.01
   55 G     1  -2   2  -1  -2  -1  -2   5  -2  -3  -3  -1  -2  -3  -2   1   0  -3  -3  -3   10   0  15   0   0   0   0  61   0   0   0   0   0   0   0   9   5   0   0   0  0.61 0.02
   56 A     1  -2  -1  -1  -2  -1  -2   5  -2  -2  -2  -1  -2  -3  -2   2   1  -3  -3  -1    8   0   0   0   0   0   0  53   0   1   2   0   0   0   0  19  12   0   0   5  0.47 0.02
   57 V    -1  -3  -3  -3  -2  -3  -3  -4  -3   4   1  -3   1   1  -3  -2   1  -3  -1   3    0   0   0   0   0   0   0   0   0  66   5   0   0   6   0   0  10   0   0  12  0.34 0.03
   58 P    -1  -3  -2   0  -3  -2  -1  -1  -3  -3  -4  -1  -3  -4   8  -1  -2  -4  -4  -3    0   0   0   5   0   0   0   4   0   0   0   0   0   0  91   0   0   0   0   0  1.89 0.05
   59 C    -1  -4  -3  -4  10  -4  -4  -3  -4  -2  -2  -4  -2  -3  -4  -1  -1  -3  -3  -1    0   0   0   0 100   0   0   0   0   0   0   0   0   0   0   0   0   0   0   0  1.60 0.07
   60 F     2  -3  -1  -2  -2  -2  -2   6  -2  -3  -3  -2  -2   0  -2   0  -2  -3  -2  -3   20   0   0   0   0   0   0  74   0   0   0   0   0   6   0   0   0   0   0   0  0.75 0.03
   61 E    -1   0  -1   1  -4   2   6  -3   0  -4  -3   1  -3  -4  -2   0  -1  -3  -3  -3    0   0   0   0   0   0 100   0   0   0   0   0   0   0   0   0   0   0   0   0  0.89 0.05
   62 S     1  -1   0  -1  -1   0   0  -1  -1  -3  -3  -1  -2  -3   1   5   1  -3  -2  -2    0   0   0   0   0   0   0   0   0   0   0   0   0   0   5  95   0   0   0   0  0.56 0.05
   63 C    -1  -4  -3  -4  10  -4  -4  -3  -4  -2  -2  -4  -2  -3  -4  -1  -1  -3  -3  -1    0   0   0   0 100   0   0   0   0   0   0   0   0   0   0   0   0   0   0   0  1.60 0.07
   64 V    -1  -3  -3  -4  -1  -3  -3  -4  -4   3   1  -3   1  -1  -3  -2   0  -3  -2   5    0   0   0   0   0   0   0   0   0   3   0   0   0   0   0   0   0   0   0  97  0.48 0.04
   65 F    -3  -3  -3  -4  -3  -3  -3  -3   0  -2  -1  -3  -1   5  -4  -3  -2   9   5  -2    0   0   0   0   0   0   0   0   0   0   0   0   0  31   0   0   0  33  36   0  1.11 0.04
   66 V    -2  -4  -4  -4  -2  -3  -4  -4  -4   5   1  -3   1   0  -3  -3  -1  -3  -2   3    0   0   0   0   0   0   0   0   0  94   0   0   0   0   0   0   0   0   0   6  0.52 0.04
   67 P    -1  -3  -3  -2  -3  -2  -2  -3  -3  -3  -4  -1  -3  -4   8  -1  -2  -4  -4  -3    0   0   0   0   0   0   0   0   0   0   0   0   0   0 100   0   0   0   0   0  2.19 0.06
   68 C    -1  -4  -3  -4  10  -4  -4  -3  -4  -2  -2  -4  -2  -3  -4  -1  -1  -3  -3  -1    0   0   0   0 100   0   0   0   0   0   0   0   0   0   0   0   0   0   0   0  1.60 0.07
   69 I    -1  -3  -4  -4  -1  -3  -3  -4  -4   4   2  -3   1   0  -3  -3  -1  -3  -1   3    0   0   0   0   0   0   0   0   0  64  13   0   0   3   0   0   0   0   0  20  0.40 0.03
   70 S     0  -1   0  -1  -1  -1  -1  -1  -2  -2  -2  -1  -1  -3  -1   3   5  -3  -2  -1    0   0   0   0   0   0   0   0   0   0   0   0   0   0   0  38  62   0   0   0  0.48 0.04
   71 S     3  -1   0  -1  -1  -1  -1   1  -2  -2  -2   0  -2  -3  -1   3   2  -3  -2  -1   39   0   0   0   0   0   0  11   0   0   0   2   0   0   0  36  13   0   0   0  0.32 0.02
   72 V     1  -2  -3  -3  -1  -2  -2  -2  -3   2   2  -2   1  -1  -2  -1  -1  -3  -2   2   24   0   0   0   0   0   0   0   0  15  29   0   2   0   0   0   0   0   0  30  0.21 0.01
   73 V     0  -3  -3  -3  -1  -2  -3  -3  -3   3   2  -3   1   1  -3  -2  -1  -2  -1   3   10   0   0   0   0   0   0   0   0  28  29   0   2   5   0   0   0   0   0  25  0.25 0.01
   74 G     0  -3   1  -1  -3  -2  -2   6  -2  -4  -4  -2  -3  -4  -3  -1  -2  -3  -4  -4    0   0   6   0   0   0   0  94   0   0   0   0   0   0   0   0   0   0   0   0  1.08 0.04
   75 C    -1  -4  -3  -4  10  -4  -4  -3  -4  -2  -2  -4  -2  -3  -4  -1  -1  -3  -3  -1    0   0   0   0 100   0   0   0   0   0   0   0   0   0   0   0   0   0   0   0  1.60 0.07
   76 R     1   1   0  -1  -1   0   0   0  -1  -3  -3   1  -2  -3  -1   4   1  -3  -2  -2    4   6   0   0   0   0   0   1   0   0   0   8   0   0   1  78   1   0   0   0  0.42 0.04
   77 C    -1  -4  -3  -4  10  -4  -4  -3  -4  -2  -2  -4  -2  -3  -4  -1  -1  -3  -3  -1    0   0   0   0 100   0   0   0   0   0   0   0   0   0   0   0   0   0   0   0  1.60 0.07
   78 E    -1   2   0  -1  -3   1   1  -2  -1  -3  -2   4  -1  -3  -1   1   0  -3  -2  -2    0   4   0   0   0   2  10   0   0   0   5  61   0   0   0  16   1   0   0   0  0.37 0.03
   79 N    -1  -1   5   3  -3   0   0  -1   0  -3  -4   0  -2  -3  -2   2   0  -4  -3  -3    0   0  54  17   0   0   0   0   0   0   0   2   0   0   0  28   0   0   0   0  0.54 0.03
   80 N    -1   2   1  -1  -4   1   1  -2  -1  -3  -3   5  -2  -4  -1   0  -1  -4  -2  -3    0   4   8   0   0   2   0   0   0   0   0  87   0   0   0   0   0   0   0   0  0.58 0.04
   81 V    -1  -3  -3  -4  -1  -3  -3  -4  -4   3   1  -3   1  -1  -3  -2   0  -3  -2   5    0   0   0   0   0   0   0   0   0   4   0   0   0   0   0   0   0   0   0  96  0.48 0.04
   82 C    -1  -4  -3  -4  10  -4  -4  -3  -4  -2  -2  -4  -2  -3  -4  -1  -1  -3  -3  -1    0   0   0   0 100   0   0   0   0   0   0   0   0   0   0   0   0   0   0   0  1.60 0.07
   83 V    -2  -2  -3  -4  -3  -2  -3  -4   1  -1  -1  -2  -1   3  -3  -2  -2   2   8   0    0   0   0   0   0   0   0   0   0   0   0   0   0   0   0   0   0   0  89  11  0.92 0.06
   84 K    -1   4   3  -1  -4   1   0  -2   0  -3  -3   3  -2  -3  -2   0  -1  -3  -2  -3    0  43  24   0   0   3   0   0   0   0   0  31   0   0   0   0   0   0   0   0  0.51 0.02

                      K         Lambda
Standard Ungapped    0.1371     0.3262
Standard Gapped      0.0391     0.2670
PSI Ungapped         0.1276     0.3184
PSI Gapped           0.0391     0.2670
