
Last position-specific scoring matrix computed, weighted observed percentages rounded down, information per position, and relative weight of gapless real matches to pseudocounts
            A   R   N   D   C   Q   E   G   H   I   L   K   M   F   P   S   T   W   Y   V   A   R   N   D   C   Q   E   G   H   I   L   K   M   F   P   S   T   W   Y   V
    1 M    -5  -5  -6  -7  -5  -4  -6  -7  -6  -3   0  -5  11  -4  -6  -5  -5  -5  -5  -2    0   0   0   0   0   0   0   0   0   0   4   0  94   0   0   0   0   0   0   2  3.12 0.98
    2 E     0  -3   2   1  -5   1   5  -4  -3  -5  -4  -1  -1  -5  -1   2  -1  -6  -5  -5    6   0   8   7   0   6  46   0   0   0   1   2   1   0   3  17   2   0   0   0  0.79 0.43
    3 L    -3  -5  -5  -4  -4  -5  -4  -6  -2   2   4  -5   5   2  -5  -4  -2  -4  -2   2    1   0   0   1   0   0   1   0   1  11  42   0  16   7   0   1   2   0   1  16  0.86 0.43
    4 T     1  -3  -1   1  -4   0   0  -2   0  -3  -2  -3  -1  -2  -3   4   3  -5  -4  -1   10   0   3   7   0   3   6   2   2   0   5   0   2   1   1  33  20   0   0   5  0.46 0.35
    5 W    -1  -4  -3  -4  -4  -2  -3  -1  -3   2   1  -4   4   2  -1   0   1   5   0   1    5   0   1   1   0   2   1   5   0  10  15   0  12   9   3   6   8  10   2  10  0.36 0.26
    6 D    -2  -2   1   1  -4   0   1  -1  -2   0  -2  -2  -2  -3  -2   4   2  -5  -4  -1    1   2   7   8   0   4  10   5   1   5   3   0   1   1   2  30  16   0   0   4  0.39 0.33
    7 E    -1  -2  -1  -2  -2   0   1  -3  -2   0   2  -2   4   1   0   1   2  -4  -3  -2    3   2   3   1   1   3   9   1   1   4  20   1  11   6   5  12  15   0   0   2  0.24 0.25
    8 W    -1  -6  -4  -6  -1  -5  -6  -5  -5  -2   3  -3   4   3  -4   0  -1   9   3  -4    4   0   1   0   1   0   0   1   0   1  24   1   9  12   1   6   3  25   8   1  1.19 0.60
    9 D     0  -2  -1   0  -1   0   0  -2  -2   0   1  -2  -2   1   0   1   1  -2   0   1    5   1   3   5   1   5   6   2   1   4  17   1   0   7   5  13   9   0   4  10  0.10 0.15
   10 V     0  -3  -4  -5  -4  -3  -4  -5  -3   3   3  -5   3  -1  -2  -2   2  -5  -1   3    7   1   1   0   0   1   0   0   1  15  23   0   6   2   2   3  13   0   2  23  0.57 0.36
   11 I     0  -5  -4  -6  -1  -5  -5  -5  -6   4   3  -5   0   0  -1  -2  -1   0  -3   3    9   0   1   0   1   0   0   1   0  23  30   0   2   4   3   3   3   1   1  17  0.69 0.40
   12 I     0  -6  -6  -6  -3  -6  -6  -4  -6   4   4  -5   1   2  -6  -1   0  -3  -3   2    7   0   0   0   0   0   0   2   0  21  35   0   3   8   0   5   5   0   1  13  0.79 0.46
   13 L    -4  -6  -7  -7   0  -7  -7  -5  -4   3   5  -7  -2   2  -4  -2  -1  -3  -2   3    1   0   0   0   2   0   0   1   1  15  45   0   0   8   1   3   4   0   1  16  0.97 0.54
   14 A     3  -5  -5  -5   0  -5  -5  -1  -6   2   2  -5  -2   0  -2   0   1  -3  -2   2   25   0   0   0   2   0   0   5   0   9  22   0   0   4   3   6   8   0   1  12  0.47 0.36
   15 A     2  -5  -5  -6   0  -5  -5   0  -6   2   2  -5  -1   2  -6   1   0  -2  -4   2   18   0   0   0   2   0   0   9   0   9  18   0   1   9   0  10   6   1   0  16  0.46 0.35
   16 C     2  -5  -6  -6   5  -6  -6  -3  -5   3   2  -6  -3   2  -4  -1   0  -4  -5   3   17   0   0   0  10   0   0   2   0  16  16   0   0   8   1   5   7   0   0  16  0.66 0.41
   17 S     2  -4  -5  -5   0  -4  -5  -2  -5   2   2  -4  -3   1  -4   2   1  -1  -2   1   15   0   0   0   2   1   0   4   0  11  21   0   0   6   1  16  10   1   1  11  0.44 0.34
   18 F    -1  -6  -6  -7   0  -5  -6  -3  -6   1   2  -6  -4   6  -4  -3  -1   3   1   2    5   0   0   0   2   1   0   3   0   8  20   0   0  34   1   2   5   4   4  12  0.94 0.51
   19 L    -1  -6  -6  -7   2  -5  -7  -4  -6   3   4  -5   2   2  -4  -3  -1  -1  -1   2    6   0   0   0   4   0   0   2   0  17  36   1   4   8   1   2   4   1   2  12  0.75 0.43
   20 I     0  -5  -5  -6  -1  -6  -6  -3  -4   4   3  -5   0   2  -5  -1  -2  -1   0   2    9   0   0   0   1   0   0   3   0  22  29   0   2   7   1   5   2   1   3  13  0.67 0.40
   21 P     1  -2  -3  -5   2  -3  -4  -1  -1   2   1  -3  -1   1  -1   1   1   1   2   1   11   2   1   0   4   1   0   5   2  10  17   1   1   6   4  11   8   2   7   8  0.21 0.20
   22 L    -1  -1  -3  -6  -1  -4  -5  -4  -4   2   4  -2   0   2  -4  -1  -2  -2   2   0    5   3   1   0   1   0   0   1   0  13  36   3   2   9   1   5   3   1   8   7  0.57 0.36
   23 V    -1  -2  -4  -3  -1  -4  -5  -3  -3   3   2  -2  -1   2  -6  -2  -1   4   3   2    6   2   1   1   1   0   0   2   1  18  20   3   1   8   0   4   3   6   8  15  0.47 0.31
   24 F    -4  -2  -4  -3  -3  -3  -4  -6  -2   1   2  -1  -2   5  -5  -3  -3   4   5  -1    1   3   1   2   0   1   1   0   1   7  21   5   1  23   1   3   2   4  19   5  0.84 0.47
   25 L    -1   1  -3  -4  -3  -3  -4  -2  -1   1   3  -1  -1   3  -5  -1  -2   5   2   0    5   7   1   1   0   1   0   4   1   8  24   5   1  12   1   6   2   8   7   6  0.41 0.29
   26 C    -1   1  -4  -4  -1  -1  -3  -5  -2   1   1   0   1   3  -3  -1   0   6   1   1    6   7   1   1   1   3   1   0   1   8  15   5   3  10   1   4   7  10   4  10  0.34 0.25
   27 N    -2   3   2  -3  -3  -1  -3  -3   2  -2  -1   1  -3   1  -2   1   1   6   1  -1    3  14   8   1   1   2   1   2   4   3   7  10   1   5   2   9   8  11   5   4  0.37 0.30
   28 A     0   3   0  -3  -4   1  -2  -3   0  -1  -1   2  -3   1  -3   1   0   2   1  -3    7  17   4   1   0   5   2   2   2   3   8  14   0   6   1  10   7   3   6   2  0.26 0.24
   29 T    -1   2   1  -2  -4   2  -3  -2   3  -1  -1   1  -1   1   0   1   1   4   1  -2    5  10   6   1   0   8   1   3   7   4   7   8   2   5   4   9   8   5   4   2  0.19 0.20
   30 K    -1   3   1  -3  -3   0  -3   0   0  -2  -3   3  -3  -3   1   2  -1  -1   0  -2    4  15   7   1   1   4   1   7   2   2   3  19   0   1   6  16   3   1   3   3  0.36 0.32
   31 R    -3   4  -1  -2  -2  -1  -2  -1   2  -3  -1   3  -3   0   0   1   0   1   2  -4    1  19   3   3   1   2   2   4   5   2   6  17   0   4   4  11   5   2   7   1  0.35 0.30
   32 R    -3   4  -1  -4  -2   0  -3  -2   0  -3  -2   3  -2   0   1   1  -1   5  -4  -5    2  22   3   1   1   4   1   4   2   2   5  18   1   4   6  12   4   8   0   1  0.55 0.41
   33 R    -2   4   0  -3  -4   0  -1   0   0  -2  -1   4  -2  -3   1   0  -1  -1  -2  -5    3  20   5   1   0   3   3   7   3   2   6  23   1   1   8   8   4   1   1   1  0.45 0.36
   34 R    -1   3  -1  -2  -2  -1  -2   0   0  -2   1   3   0   0   0  -1  -2   1  -1  -1    5  16   3   2   1   3   2   8   2   2  13  19   2   4   4   5   2   2   3   4  0.22 0.21
   35 R    -4   3   4  -2  -1   1  -3  -1   1  -5  -2   4  -5  -5   0  -1  -3  -7  -4  -4    1  17  19   2   1   6   1   6   3   1   5  24   0   1   5   4   2   0   1   1  0.69 0.47
   36 A    -2  -3  -2  -3  -3  -2  -2   1  -2  -1   4  -3   0   0  -2  -1  -3   1   2  -2    3   1   2   1   0   2   4  12   1   3  44   2   2   4   2   6   2   2   6   2  0.55 0.38
   37 P    -5  -6  -6  -6  -7  -6  -7  -7  -7   3  -1  -6  -3  -3   8  -6  -6  -8  -5  -1    1   0   1   0   0   0   0   0   0  17   5   0   1   1  65   0   0   0   0   5  2.16 1.07
   38 P    -4  -1  -4  -8  -5  -3  -5  -7  -3  -7  -6   0  -5  -9   8  -2  -4  -9  -9  -5    2   4   1   0   0   2   1   0   1   0   1   5   0   0  77   3   1   0   0   1  2.47 1.24
   39 G    -4  -8  -5  -6  -5  -3  -3   7   0  -4  -5  -7  -8  -6  -3   1  -4  -5  -4  -6    2   0   0   0   0   2   2  72   2   1   1   0   0   0   2  12   1   0   1   1  1.86 0.96
   40 P    -3  -7  -6  -4  -9  -6  -4  -6  -9  -7  -3  -2  -9  -5   8  -1  -2 -10  -9  -3    2   0   0   1   0   0   2   1   0   0   3   2   0   1  76   5   3   0   0   3  2.41 1.24
   41 A    -3   2  -4  -6  -7  -4  -3  -2  -4  -1  -2   3   3   0   4  -1   2   5  -2  -3    3  11   1   0   0   1   2   3   0   4   4  17   6   4  19   4  11   8   1   2  0.63 0.46
   42 T     0   1  -3  -6  -4  -3  -5   4  -4  -6  -6   0  -4  -4   5   0   1  -2  -3  -3    7   8   1   0   0   1   0  29   0   0   1   7   1   1  25   6   8   1   1   2  0.86 0.56
   43 V    -5  -3  -7  -8  -3  -6  -6  -7   1   1   4  -3  -2   2  -7  -4  -4   8   1   0    1   2   0   0   1   0   1   0   3   6  40   2   1   8   0   2   1  22   4   6  1.34 0.69
   44 P    -5  -5  -6  -7  -8  -6  -7  -7  -7  -5  -5  -6  -7  -3   9  -5  -6   1  -6  -6    1   1   1   0   0   0   0   0   0   1   2   1   0   2  86   1   1   2   0   1  2.96 1.38
   45 I    -6  -6  -7  -7  -5  -7  -7  -6  -7   5   3  -6  -1   5  -7  -5  -6   0  -1   2    0   1   0   0   0   0   0   1   0  32  26   1   1  20   0   1   0   1   2  13  1.30 0.64
   46 I    -5  -5  -6  -7  -5  -7  -7  -7  -7   6   3  -7  -2   4  -5  -6  -4  -1  -2   3    1   1   0   0   0   0   0   0   0  40  21   0   1  14   1   1   1   1   2  16  1.37 0.66
   47 G    -5  -6  -6  -6  -8  -7  -8   8  -8  -8  -8  -7  -8  -8  -8  -7  -7  -8  -6  -8    1   1   0   0   0   0   0  94   0   0   0   0   0   0   0   0   0   0   0   0  2.96 1.31
   48 N    -5  -6   7  -3  -3  -5   1  -4   6  -7  -7  -6  -2  -7  -6   1  -2  -8  -4  -6    1   0  53   1   1   0   9   2  14   0   1   0   1   0   0  11   3   0   1   1  1.80 0.92
   49 L    -1  -6  -4  -6  -4  -4  -5  -5  -6   2   5  -6   4   0  -6  -3   1  -6  -1   0    5   0   1   0   0   1   1   1   0  11  48   0   8   4   0   2   8   0   2   7  0.96 0.52
   50 A    -2  -2  -4  -5  -4  -4  -3  -2   7  -1   3  -2   0   2   2  -2  -3  -3   1  -4    3   2   1   0   0   1   2   4  24   3  25   3   2   9  10   3   2   0   4   1  0.81 0.47
   51 W    -2  -3  -2   0  -4   6   1  -3   2  -4   1  -2  -2   2  -4  -2  -2   3  -1  -5    3   1   2   6   0  34  10   2   4   1  11   2   1   7   1   3   3   4   3   1  0.76 0.51
   52 L    -4  -5  -5  -6  -6  -6  -6  -6  -7   3   5  -6   4   3  -7  -4  -5  -2  -3   1    1   1   1   0   0   0   1   1   0  15  48   0  10  11   0   1   0   1   1   8  1.23 0.63
   53 T     0   0   0   1  -3   0  -1   0  -1   0   0   0   0   0   1   0  -1   2   0  -1    9   6   5   8   0   5   2   7   1   5   9   5   2   5   8   9   3   3   3   5  0.05 0.06
   54 L     0   1   0  -1  -1  -1   0  -1  -1   0   1   1   0   0   0   0   0   0   0   0    7  10   4   3   2   2   5   5   1   4  13  10   3   4   5   6   6   1   4   7  0.03 0.04
   55 R    -1   2   0   0  -2   2   0   0   0  -2  -1   2   0  -1  -1  -1   0  -1   1  -2    6  11   5   6   1   8   7   7   2   3   5  14   2   3   2   5   6   1   5   3  0.12 0.10
   56 D    -1   1   2   2  -2   0   0   1   0  -2  -1   2  -1  -1   0   0  -1  -2   0  -1    4   8   9  11   1   4   4   9   3   3   6  12   2   2   5   6   3   1   4   4  0.12 0.09
   57 G     0  -1  -1   0  -3  -1  -2   4   3   0  -3   0  -1  -2   1   0   0  -4  -2  -3    6   3   3   5   1   2   2  32   6   5   2   5   2   2   8   7   5   0   1   2  0.40 0.25
   58 L    -1   1  -1  -1  -1   0   1  -1   0   0   0   1   0   0   1   1   0   1  -1  -1    4   7   2   3   1   3   8   5   3   5  12   9   3   4   8  10   6   2   2   3  0.05 0.06
   59 G    -1  -1   2   0  -1   1   0   0   1  -1   0   1  -1  -1   2   0  -1   3   0  -2    5   3  10   4   1   5   5   6   4   3   9   7   2   3   9   9   4   4   3   3  0.10 0.10
   60 E    -3   0  -3  -2  -5   0   0  -3   1  -1   0  -1   1   0   6  -1  -1  -3  -3  -1    2   5   2   2   0   5   6   3   4   4  10   3   3   5  34   4   3   0   1   4  0.59 0.38
   61 L    -3  -1  -1  -3  -3   0  -2  -3   8  -1   1  -2   0   2  -3  -3  -4   2   3  -3    2   3   3   2   1   4   3   3  35   3  11   2   2   8   2   2   1   3   8   2  1.04 0.55
   62 D    -2   3   0   1  -2   2   0  -3   3  -2   0   2  -1  -2  -2  -1  -2  -2  -1  -1    2  16   4   9   1  10   6   1   6   3  10  12   1   2   2   4   3   1   2   6  0.26 0.22
   63 I    -1  -2   0  -2  -1   0  -2  -3  -2   1  -1   0   0   3  -4   2   1   0   1   1    5   2   4   2   2   3   3   1   1   8   5   5   2  13   1  19   9   1   5   9  0.24 0.23
   64 L    -3  -5  -6  -7  -4  -6  -7  -6  -2   1   4  -6   4   5  -6  -3  -4   0   2  -1    2   1   0   0   0   0   0   1   1   8  39   0   8  25   0   2   1   1   6   4  1.17 0.60
   65 R     1   2  -2   0  -1   3   0  -1   2  -3  -2   0   0  -1  -4   0   2   0   0  -3   12  12   2   6   2  11   5   4   5   2   3   6   3   3   1   5  13   1   3   1  0.23 0.23
   66 R    -1   2   2   2  -4   2   3  -3  -1  -6  -6   4  -2  -6  -5   0  -3  -1  -3  -4    5  10   8  11   0   7  19   2   2   0   1  21   1   0   0   7   1   1   1   1  0.63 0.45
   67 L    -4   0  -4  -6   2  -3  -5  -7  -1   0   5  -2   3   1  -8  -6  -5   7   1  -4    2   5   1   0   4   2   1   0   2   5  43   2   7   5   0   0   1  14   5   1  1.12 0.62
   68 H     3   2  -2  -5  -4   1  -4  -3   4  -2  -4  -1  -1  -1  -5   3  -1  -4   2  -1   24   9   2   0   0   6   1   2   8   2   2   3   1   2   0  21   4   0   7   5  0.53 0.42
   69 S    -1   2   0   0  -5   3   3  -4   0  -7  -3   5  -3  -4  -5  -2  -2  -7  -6  -6    6  10   5   6   0  11  16   1   2   0   3  32   1   1   0   2   2   0   0   0  0.81 0.54
   70 R    -3   4  -3  -4  -3   2   1  -6  -2  -1  -4   6  -3  -7  -5  -4   1  -7  -2  -1    2  18   1   1   1   8   7   0   1   3   2  38   1   0   1   1   9   0   1   4  0.96 0.60
   71 F    -6  -7  -3  -7  -8  -6  -7  -7   4  -7  -3  -5  -5   3  -7  -5  -6  -2   9  -7    1   0   1   0   0   0   0   1   9   0   3   1   0  10   0   1   0   0  69   0  2.77 1.25
   72 G    -5  -4  -5  -5  -6  -7  -4   7  -6  -8  -8  -4  -8  -8  -3  -2  -4  -8  -8  -7    1   1   1   1   0   0   1  86   0   0   1   1   0   0   2   3   1   0   0   1  2.46 1.15
   73 P    -5  -2   0   3  -3  -3  -1   0  -2  -8  -7   1  -7  -5   6   0  -5  -8  -7  -6    1   3   4  15   1   2   4   8   1   0   0   8   0   1  44   7   1   0   0   0  1.26 0.75
   74 L    -3  -6  -3  -8  -6  -7  -8  -5  -8   5   2  -7   1   0  -8  -5  -1  -7  -4   5    2   1   2   0   0   0   0   1   0  33  16   0   3   4   0   1   4   0   1  33  1.29 0.66
   75 L    -2  -7  -6  -8  -1  -6  -8  -8  -3   0  -1  -7   6   7  -6  -3  -5   3   5   1    3   0   0   0   1   0   0   0   1   4   6   0  16  36   0   2   1   3  17   8  1.51 0.76
   76 S    -3   3  -3  -5   0   1  -3   1   2  -4   0   1  -1  -1  -4   2   3  -2   0  -4    2  13   1   0   2   6   1   9   5   1   9  10   1   3   1  16  15   1   3   1  0.38 0.34
   77 V    -4  -6  -6  -7  -3  -7  -3  -7  -5   3   4  -7   0   2  -7  -2   1  -1   1   2    1   0   0   0   1   0   2   0   0  17  37   0   2   9   0   3  10   1   4  12  0.89 0.52
   78 R    -4   4   0  -2  -2   2  -3  -6   5  -6  -6   2  -2  -1  -6   0  -1   7   4  -5    1  19   4   2   1   8   1   0  12   0   1  12   1   3   0   6   3  13  11   1  0.96 0.59
   79 L    -4  -4  -4  -3  -6  -4  -3  -8  -7   3   4  -6   4   4  -5  -6  -2  -2  -2   0    2   1   1   2   0   1   2   0   0  14  39   0  10  15   1   0   2   1   1   7  1.00 0.55
   80 G    -1  -7  -7  -8  -3  -7  -7   7  -8  -5  -1  -8   0   2  -5  -5  -6  -8  -3  -4    5   0   0   0   1   0   0  70   0   1   6   0   3   8   1   1   0   0   1   2  1.85 0.94
   81 S    -2   1   1  -1  -3   0  -1   2   0  -5  -3  -2   0  -1   3   3   1   1  -3  -3    3   6   6   3   1   4   4  17   2   0   3   2   3   3  12  19   7   2   1   1  0.33 0.31
   82 S    -2   3  -1  -2   1   2  -1  -4   0   0  -2   2  -1  -2  -2  -1   2  -3   0   2    2  15   3   2   3   9   4   1   2   6   4  12   1   2   2   4  11   0   3  14  0.28 0.26
   83 E    -2   1   0  -1  -8  -2   0  -4   1  -4  -3  -1  -2  -2   6   0   1  -8  -1  -5    3   7   5   4   0   2   5   1   3   1   4   4   1   2  39   7   8   0   2   1  0.85 0.58
   84 Q     1  -2  -3  -6   1  -4  -4  -6  -2   1  -1  -5   3   1  -6  -1   4  -4  -3   4    9   3   2   0   3   1   1   0   1   7   7   0   8   5   0   5  23   0   1  24  0.64 0.45
   85 V    -2  -8  -9  -9  -3  -8  -8  -8  -9   4   2  -8  -1  -1  -8  -5  -2  -8  -2   6    4   0   0   0   0   0   0   0   0  19  18   0   1   2   0   1   3   0   2  50  1.50 0.77
   86 N    -2  -3  -2  -6  -1  -4  -8  -8  -1   3  -1  -7   2   1  -4  -3  -3  -4   1   6    3   1   2   0   1   1   0   0   2  12   7   0   4   5   1   2   2   0   5  51  1.17 0.65
   87 V    -1  -8  -8  -7  -3  -7  -8  -8  -8   4   3  -8  -2  -1  -6  -2  -1  -8  -7   5    6   0   0   0   1   0   0   0   0  23  26   0   1   3   0   4   3   0   0  33  1.18 0.64
   88 A     0  -2   3  -5   3  -5  -6  -2   2  -3  -4  -5   2  -3  -7   5   3  -6   0  -4    7   3  11   0   6   0   0   4   4   2   2   0   5   1   0  36  14   0   4   1  0.82 0.59
   89 D    -5  -3   1   5  -1  -5  -1   3   1  -8  -5  -4  -7  -8  -6   4   0  -8  -7  -8    0   2   5  29   1   0   5  19   4   0   2   1   0   0   0  26   5   0   0   0  1.07 0.68
   90 R     2  -1  -3  -5  -5  -4  -5  -5   1  -3  -1  -3  -4  -2   6  -1  -2   0   3  -3   15   4   1   1   0   1   1   1   3   2   7   2   1   2  41   6   3   1   8   2  1.02 0.66
   91 R     0  -1  -1   4  -6   1   5  -5  -2  -4  -6   1  -7  -7  -2  -1  -4  -8  -7  -5    7   4   3  20   0   6  39   1   1   1   1   9   0   0   2   5   1   0   0   1  1.01 0.65
   92 L     3  -4  -1  -1  -4  -3  -3  -2  -2   1   2  -4   3   0  -5  -2   1  -1   0   1   22   0   3   3   0   1   2   3   1   8  20   1   8   3   0   2   9   1   3   8  0.37 0.30
   93 A     4  -7   1  -7  -2  -6  -7  -6  -5   4  -2  -7  -1  -3  -6  -4  -3  -2  -4   4   35   0   7   0   1   0   0   0   0  20   4   0   2   1   0   1   1   1   1  24  1.09 0.64
   94 H    -2   5  -2  -4  -6   0   2  -6   1  -5  -7   6  -4  -6  -7  -4  -3  -1  -3  -5    4  26   2   1   0   4  11   1   4   1   0  39   0   0   0   1   1   1   1   1  1.28 0.73
   95 A    -2  -2  -2   2  -8   3   6  -7   2  -4  -2  -1  -4   0  -4  -3  -2  -7  -1  -3    3   3   2   9   0  12  44   0   4   1   4   3   1   5   1   2   3   0   2   3  0.94 0.62
   96 L     2  -6  -7  -8   2  -7  -7  -8  -5   4   2  -5   0   0  -7  -5  -5  -7  -6   5   17   0   0   0   4   0   0   0   0  24  15   1   2   3   0   1   0   0   0  32  1.14 0.62
   97 L    -6  -6  -7  -8  -2  -6  -8  -6  -7  -3   6  -7   4   5  -7  -7  -4   0   1  -3    1   0   0   0   1   0   0   1   0   1  58   0   8  19   0   0   1   1   5   1  1.62 0.81
   98 V    -2   1  -1   0  -4   1  -2  -2   1   2  -1   3   0  -4  -4  -1   1  -5  -4   3    2   7   3   5   0   6   2   3   3  10   6  16   2   1   0   6   7   0   0  19  0.29 0.24
   99 E    -2   1   2   1  -3   1  -1  -2  -1  -4  -5   4  -5  -4  -4  -1   3  -6  -4  -3    3   6  11   9   1   6   5   3   2   1   1  24   0   1   1   5  20   0   1   2  0.58 0.41
  100 R    -4   1   3   0  -3   4   2  -5   5  -5  -3   2  -3  -4  -4  -3  -3  -6   0  -4    2   8  13   6   1  16  14   1  14   1   3  12   1   1   1   2   2   0   3   1  0.71 0.45
  101 G     0  -4   0   4   0  -2  -1   3   0  -6  -5  -2  -5   3  -4   1  -4  -1  -3  -5    8   1   5  25   2   2   3  22   2   0   1   2   0  10   1  12   1   1   1   1  0.68 0.44
  102 A     0   0   0   1  -4   0   2  -2   2  -1   0   1  -3  -2  -1   1  -1  -2  -2   0    9   5   4   9   0   4  12   3   5   3  10   9   0   1   4  10   3   1   1   7  0.12 0.14
  103 A     0  -1   2   2  -4  -1   1  -3   1   1   0   0  -2  -2  -3   0  -1  -3  -2   1    9   2  11  10   0   2  11   2   3   9  10   5   1   2   1   7   3   0   1  11  0.15 0.16
  104 V    -5  -6  -6  -7   2  -5  -6  -6  -2  -2   0  -3  -2   8  -5  -4   0  -2   4   1    1   1   0   0   3   1   1   1   1   3  10   2   1  49   1   2   5   0  11   8  1.50 0.71
  105 A     3  -4  -2  -3   2  -1  -2  -1   0  -2  -3   0  -2  -4   1   4   0  -5  -1  -2   21   1   1   1   4   3   2   4   2   3   2   6   1   1   7  30   5   0   2   3  0.51 0.39
  106 D    -1  -4   4   3  -2  -1  -1   3  -1  -4  -5  -1  -4  -5  -1   2  -1  -6  -3  -3    5   1  15  17   1   3   4  18   2   1   1   3   0   0   3  17   4   0   1   2  0.55 0.38
  107 R    -5   8  -3  -4  -6  -3  -3  -3   0  -4  -4   0  -3  -6  -5  -3  -4   2  -5  -5    1  72   2   1   0   1   2   3   2   1   2   4   1   0   1   2   2   3   1   1  2.06 0.95
  108 S    -2  -2  -2  -2  -2  -2  -3   1  -1  -3  -3  -2  -1   0   6  -1  -1   3   2  -3    4   3   2   2   1   2   2  11   2   2   3   2   1   4  38   4   5   4   7   2  0.77 0.46
  109 P    -2   1  -1   0  -3   1   0  -3   2  -2  -2   1  -3  -2   4   0   0  -1   1  -1    3   8   3   5   1   6   7   2   4   3   4   8   1   1  22   6   5   1   4   4  0.34 0.25
  110 L    -1  -1   1   1  -2   0  -1  -2  -1   0   0   1   2   2  -1   1   0   0   0   0    5   3   7   8   1   3   2   2   1   5  11   8   5   9   3  12   6   1   3   6  0.08 0.10
  111 L     0  -1  -2  -3  -3  -1  -1  -2   1   1   1  -1   1   1   3   1   0  -3   1   0    9   3   2   1   0   3   4   2   3   7  13   4   4   5  13   9   6   0   5   8  0.14 0.13
  112 V     0  -2  -1  -2  -2  -1  -2  -2  -4   1   0  -1   3  -1   2   0   1  -2   2   2    9   2   3   2   1   2   2   4   0   9   7   3   7   2   9   5   9   1   7  16  0.19 0.18
  113 S     1  -1   0  -1  -3  -1  -1  -1  -1  -1  -2   0   0   2   0   2   0   3   1   0   13   2   4   4   0   3   3   5   1   4   4   5   3   8   6  14   7   4   4   6  0.11 0.13
  114 T     0   0   0   1  -3   0   1   0   1  -1  -1   1  -1   2  -1   0   1  -3  -1   0    9   4   4   7   0   3   8   7   4   3   6   8   1   9   3   7  10   0   2   6  0.06 0.08
  115 E    -1   1  -1   1  -3   0   2  -1   2  -1  -1   1  -1  -1   0   0   0   0   1  -1    6   8   3   8   1   3  12   4   6   4   6   8   1   3   5   5   7   2   4   5  0.09 0.09
  116 R    -2   2  -2   0  -2  -1  -1  -2   1   2   1   1  -1   0  -1  -1   0  -1   0   0    2  12   1   6   1   3   3   2   3  12  15   9   1   5   4   4   5   1   3   7  0.12 0.12
  117 F    -2   0  -1  -2  -3  -2  -3  -3   0   3   1  -2   2   4  -2  -2  -1   1   1   0    4   5   3   2   0   1   2   3   2  17  14   2   6  18   2   3   3   2   5   5  0.36 0.23
  118 G    -1  -1   0   0   0   0  -1   1   0   0   1   1   2   0  -2   0   0  -3  -1  -1    3   4   3   5   2   3   3  12   2   5  18   8   6   5   2   6   7   0   2   5  0.06 0.08
  119 A     0   0  -1   0   0  -2  -1   3   0  -2  -1   0  -2  -2   0   2   0   1  -1  -3    7   4   3   5   2   1   4  22   2   2   7   7   1   2   5  13   7   2   2   2  0.19 0.18
  120 F    -2   0   0  -1  -2  -1  -2   1   3  -3  -1   1   0   2   1  -2  -1  -2   5  -2    3   6   4   4   1   3   2  11   6   1   6   8   3   7   7   3   4   0  20   3  0.34 0.26
  121 G    -3  -1   4   2  -3   1  -4   4   0  -4  -3   0  -3  -3  -4  -1  -3   4  -4  -2    2   3  17  10   1   6   1  33   3   1   3   5   1   1   1   4   2   4   0   3  0.70 0.45
  122 S     0   0   0  -1  -1   1  -1   1   0   0   1   0  -1   1  -1   1  -1  -1   1  -1    6   4   6   4   1   6   3  12   2   5  13   6   1   5   3  11   3   1   4   3  0.04 0.07
  123 F    -1   1   0  -1  -2   0  -1   1   0  -1   1   1   1   0   0   0   0  -1   0  -1    5   8   4   4   1   4   3   9   3   3  13  11   5   5   4   7   5   1   3   4  0.05 0.07
  124 S    -1  -1   1   4   0  -2  -2   1   0  -2  -1  -2   0  -2  -3   2   2  -3  -2  -2    5   3   5  22   2   1   2  10   2   2   8   3   2   2   1  13  11   0   2   3  0.27 0.22
  125 I    -2  -4  -1  -4  -2  -4  -4   2  -3   3   2  -3   3   2  -4  -2  -2  -3  -3   2    3   1   3   1   1   1   1  14   0  17  18   2   8   7   1   4   3   0   1  15  0.44 0.26
  126 H     2  -4  -1  -2  -3  -4  -3   0   0   3   1  -4  -2   0  -1   0  -1  -2  -3   2   16   1   3   2   1   0   1   8   2  14  15   1   0   3   3   9   3   1   1  17  0.29 0.23
  127 V    -2  -5  -2  -4  -3  -3  -4  -2  -4   2   2  -5   1   6  -2  -3   0   2  -2   1    3   0   2   1   1   1   1   3   1   9  17   1   3  33   2   2   7   3   1   8  0.76 0.41
  128 S     3  -4   0  -1   0  -2  -2  -1  -2  -2   0  -3   2   2  -3   2   2  -4  -3  -1   20   1   4   4   2   2   2   5   1   2   9   1   5   9   1  16  11   0   0   4  0.29 0.25
  129 S     0   0  -1   1  -3   0  -2  -3   1  -3  -2  -1  -2  -5   4   3  -1  -5  -4  -1    8   5   3   9   1   4   2   2   4   1   5   4   1   0  22  21   4   0   0   5  0.48 0.36
  130 Y    -2  -1   3   0  -2   0   0  -5   2  -4  -4  -2  -2  -1  -5   0  -1  -1   7  -3    3   4  15   5   1   4   6   1   4   1   2   3   1   3   1   7   4   1  32   2  0.85 0.50
  131 G    -4  -4  -1   1  -5  -6  -4   7  -7  -7  -6  -3  -3  -7  -6   0  -4  -7  -6  -7    1   1   3   9   0   0   1  70   0   0   1   2   1   0   1   7   1   0   0   0  1.78 0.89
  132 P     0  -3   0   4  -7   0   4  -4  -1  -7  -5   0  -6  -6   4  -1  -4  -7  -6  -4    7   2   4  20   0   5  28   1   2   0   1   5   0   0  18   4   1   0   0   1  0.88 0.58
  133 R    -1   2  -1  -2  -5   1   1  -5   4  -2  -2   2  -1  -1  -3  -1   0  -4   4  -1    5  12   2   3   0   6  11   1   8   3   4  11   2   2   1   4   6   0  14   5  0.37 0.30
  134 W    -3  -7  -9 -10  -6  -6  -8  -8   4  -8  -5  -6  -8  -1  -9  -5  -8  12  -2  -8    3   0   0   0   0   1   0   0   9   0   2   1   0   2   0   1   0  77   2   0  4.17 1.74
  135 S    -1   6  -4  -6  -8   0  -3  -6   2  -4  -4   5  -4  -1  -5  -1  -4  -6  -3  -4    6  38   1   0   0   3   1   0   4   1   2  31   1   2   1   4   1   0   1   1  1.30 0.74
  136 V     0   3   0  -1  -5   3   2  -5   2  -2  -1   2   0   0  -4  -1  -1  -5  -1  -3    9  13   4   4   0  12  12   0   4   3   6  14   3   5   0   4   4   0   2   2  0.33 0.28
  137 L    -2   1  -2  -3  -6   2  -4  -5   5   1   3  -4   6  -2  -6  -4  -2  -6  -1   0    3   8   2   2   0  10   1   1  12   7  25   1  16   2   0   1   3   0   2   5  0.75 0.48
  138 R    -8   9  -3  -8  -9  -3  -7  -9  -1  -9  -8   1  -8  -9  -9  -7  -7  -9  -8  -9    0  85   1   0   0   1   0   0   2   0   0   8   0   0   0   0   0   0   0   0  2.99 1.37
  139 R    -4   6  -3  -5  -7  -1  -5  -3   0  -6  -4   6  -5  -7  -5   0  -2  -7  -7  -5    2  33   1   1   0   3   0   2   2   1   2  39   0   0   1   8   3   0   0   1  1.40 0.76
  140 N     0  -2  -1  -5  -3  -4  -4  -2  -4   4   2   0   3   3  -5  -3  -1  -2  -3   1    7   3   3   0   0   1   1   3   0  20  21   5   7  11   0   2   4   0   1  10  0.47 0.30
  141 F     1  -6  -6  -6   5  -5  -6  -6  -4   2   3  -6   2   2  -5   1   0  -2  -2   0   12   0   0   0  10   0   0   1   0  12  28   0   4   7   0  10   5   0   2   7  0.66 0.42
  142 A     1  -2   1  -4  -4   0  -4  -4   3   0   1  -3   2  -4  -5   1   3  -4  -3   2   10   2   7   0   0   5   0   1   6   4  13   2   6   1   0  10  17   0   1  14  0.39 0.33
  143 A    -2  -1   0  -4  -4   2  -3  -3  -2  -2   1  -1   2  -4   4   2   1  -6  -4  -1    3   3   5   1   0   9   2   2   1   2  12   3   5   1  21  17   8   0   0   5  0.46 0.39
  144 E     2  -1   0  -2  -6   0   3  -1   3  -3  -4  -1  -3  -2   0   0   2  -6  -2  -3   18   3   5   2   0   4  20   4   7   1   2   3   1   2   5   8  12   0   1   2  0.40 0.35
  145 V     0  -5  -5  -5  -3  -5  -4  -2  -4   1   4  -4   3   4  -4  -3  -2  -4  -3   0    7   1   1   1   1   1   1   3   1   8  41   1   6  17   1   2   2   0   1   7  0.80 0.41
  146 V    -6   2  -2  -6  -3  -5  -6  -4  -4  -3   3  -2   3   6  -8  -5   0  -6  -2  -3    1  11   2   0   1   0   0   2   0   2  28   2   7  34   0   1   7   0   1   1  1.15 0.64
  147 S    -2   0   3  -1  -2  -2  -3   0   4  -5  -6   0  -4  -6  -6   5   2  -8  -3  -5    3   4  11   3   1   2   1   7   9   1   1   6   0   0   0  36  12   0   1   1  0.82 0.58
  148 P    -1  -1   1  -3  -6  -1  -3  -2   0  -1  -1  -1  -1   4   4   0  -1  -4  -1  -1    6   3   8   2   0   3   2   3   3   3   7   4   2  14  22   8   4   0   2   4  0.40 0.32
  149 A     0   2   1   0  -4   0   1   3  -1  -6  -4   4  -2  -6  -4   1   0  -7  -5  -5    9   9   6   5   0   4   7  18   2   0   2  21   1   0   1   8   5   0   0   1  0.46 0.36
  150 R     1   3   1  -4  -1  -2  -3  -3  -2   1  -2   2   4  -4  -4   0  -1  -6  -2   0   13  16   5   1   1   1   2   2   1   7   4  14  11   0   1   8   4   0   2   6  0.39 0.32
  151 F    -1  -2  -7  -5  -5  -4  -4   1  -2   3   4  -4   2  -1  -4  -3  -3  -7  -5   3    5   2   0   1   0   1   1  10   1  13  35   1   4   3   1   2   1   0   0  18  0.68 0.42
  152 R    -1   3   0   0  -7   3   2  -5  -1  -6  -5   5  -4  -6  -5  -1  -4  -8  -5  -5    5  15   4   4   0  13  11   1   2   1   1  34   0   0   1   5   1   0   0   1  0.94 0.61
  153 Q     0   2   1   0  -2   2   0  -1   0  -3  -3   1   0  -4  -1   3  -1   0  -3  -4    7  10   7   5   1  10   6   5   3   1   2   9   2   1   3  22   4   1   1   1  0.32 0.31
  154 M    -5  -5  -4  -7  -5  -1  -5  -3   2   0   1  -6   5   5  -4  -1  -2  -1   5  -2    1   1   1   0   0   3   1   3   5   5  13   0  14  23   1   5   3   1  19   2  1.01 0.59
  155 A    -1   2  -2  -3  -3   0   1  -2   1   2   0  -1   0   1  -5  -1   0  -1   0   2    5  11   2   1   0   5  10   2   3  10   9   4   2   6   0   4   5   1   3  14  0.17 0.17
  156 A    -2  -1   0   1  -2   0   2   0   3  -5  -4   0  -4  -3   5   0  -1  -6   0  -4    4   3   4   7   1   4  13   7   6   1   2   5   0   1  25   8   3   0   3   1  0.53 0.42
  157 S    -1  -2  -3   0  -3  -1   0  -3   1   4   1   0   1  -1  -4  -2   0   1  -2   2    5   2   1   5   0   3   7   2   3  21  14   6   3   2   1   3   5   2   1  15  0.27 0.22
  158 R    -6   5  -6  -5  -3   1  -3  -8  -3   3  -1  -2   5   2  -8  -3  -5   0  -3   2    0  29   0   1   1   7   2   0   1  16   6   2  12   7   0   2   0   1   1  11  0.93 0.57
  159 E     0  -1   1   2  -2   2   4  -3   1   0  -3  -1  -1  -4  -5   0  -1  -5  -2  -1    7   3   7  11   1  10  26   2   3   5   2   4   2   1   0   7   4   0   1   5  0.42 0.35
  160 L    -1   1  -1   2   0   3   4  -3   0  -2  -1   1  -1  -4  -4   0  -2  -4  -6  -3    6   7   3  11   2  11  26   3   2   2   6   8   1   1   1   6   2   0   0   2  0.46 0.37
  161 A    -1  -2  -3  -2   1   0   6  -5   0   0  -4  -1  -1  -2  -7   0  -3  -5   1   1    5   2   1   2   3   4  42   1   2   4   2   4   2   2   0   8   1   0   5  10  0.77 0.55
  162 L     3  -5  -3  -6   2  -5  -2  -1  -5   2   1  -6   1  -2  -6   0   1  -7  -5   3   21   0   1   0   5   0   3   5   0  10  12   0   3   2   0   7  10   0   0  20  0.52 0.38
  163 A     1   2   1   2   0   2   1  -2   0  -2  -2   1  -1  -4  -4   0  -1  -2  -3  -1   10  12   6  12   2   9   9   3   3   3   4   8   1   0   0   7   4   1   1   4  0.20 0.20
  164 D    -2   2   2   2   1   2   2  -4   1  -1  -1   1  -1  -2  -3   0  -1  -5  -1  -1    3  10   9  10   4   8  11   0   3   4   7  10   1   2   1   6   4   0   2   4  0.21 0.20
  165 L    -4  -6  -6  -8   0  -6  -4  -7   2  -1   5  -6   6   3  -8  -3  -3  -1   0   0    2   0   0   0   2   0   2   0   5   3  43   0  16  13   0   3   2   1   3   6  1.14 0.64
  166 I    -3  -6  -8  -7   3  -5  -4  -8  -3   4   3  -5   3   1  -7  -5  -2  -5  -3   4    2   0   0   0   5   0   1   0   1  19  26   1   6   6   0   1   2   0   1  29  1.02 0.55
  167 R     0   3   1   2  -5   2   3  -2   1  -6  -5   3  -4  -5  -5   0  -2  -4  -3  -4    7  14   6  10   0   8  21   3   3   0   1  14   0   0   0   6   3   0   1   1  0.56 0.41
  168 K     0   2   1   0  -3   1   2  -4   2  -4  -3   3  -2  -1  -5   1   0  -1   0  -2    6  12   5   6   0   6  11   1   4   1   2  17   1   3   0  11   5   1   4   3  0.33 0.28
  169 L    -2  -8  -8  -5  -1  -7  -5  -5  -3   3   5  -5   3   2  -8  -5  -6   7  -3   0    4   0   0   1   1   0   1   1   1  13  42   1   7   6   0   1   0  13   1   5  1.22 0.66
  170 K     1   3   0   0  -2   1   2  -3   0  -4  -2   2   0  -4  -4   1  -1   2  -1  -3   11  17   4   5   1   5  11   2   3   1   5  14   3   1   1   9   3   3   2   1  0.33 0.28
  171 L     1   1   0   0  -1   1   1  -2  -1  -4  -2   4  -2  -3  -4   2   0  -4  -3  -3   11   6   5   5   1   6   9   4   1   1   5  22   1   1   1  12   5   0   1   2  0.32 0.29
  172 Q    -1   0   2  -1  -3   3   1   1   2  -3  -2   1  -2  -4  -2   1   1  -3  -1  -3    5   4  10   4   1  13  10  10   5   1   3   7   1   1   2  10   9   0   3   1  0.26 0.26
  173 E     1  -1   2   0  -2   1   2   1  -1  -5  -5   1  -1  -5   0   2  -2  -3  -4  -2   12   4  10   6   1   6  13  10   2   0   1   8   2   0   6  15   2   0   1   4  0.29 0.28
  174 G     1  -2   0   1  -3   0   2   4  -1  -4  -6   0  -5  -7  -1   2   0  -3  -6  -4    9   2   3   7   1   4  13  28   1   1   1   6   0   0   3  13   5   0   0   1  0.50 0.39
  175 V     1   0  -2  -3  -3   0   1  -2   0   0  -3  -1  -3  -3   4   1   1  -6  -4   1   12   5   2   1   1   4  11   4   2   5   3   3   1   1  19  11   7   0   0   9  0.32 0.29
  176 V    -4  -4  -2   0  -3  -4  -3  -3  -3   3   0  -3   0   3   1  -3  -2  -2  -5   5    1   1   2   6   0   1   2   2   1  16   8   2   2  12   7   3   2   1   0  32  0.64 0.41
  177 V    -2  -3   4   5  -4  -3   1  -3  -2   0  -2  -1  -2  -1  -3  -1  -2  -3  -3   0    3   1  19  30   0   1   9   2   1   6   4   3   1   3   1   4   2   0   1   7  0.65 0.44
  178 C    -2  -4  -5  -4   1  -4  -5  -5  -2   2   3  -5   4   1   3  -2  -1  -3  -5   2    4   1   1   1   3   1   1   1   1  12  24   0   9   6  14   4   3   0   0  14  0.58 0.39
  179 R    -2   2   0  -1  -4   1  -1  -2   1  -2   0   2  -1   2  -1   1   1  -1   1  -2    3  11   4   3   0   5   3   4   3   2   9  12   2   9   2  10   8   1   6   3  0.14 0.16
  180 D    -2  -1   1   4  -6   1   3  -3   0  -3  -5   1  -3   1   2  -1  -2  -4  -3  -4    4   3   6  19   0   7  20   2   3   2   1  10   1   6   9   4   2   0   1   1  0.51 0.39
  181 A     0  -1  -2  -2  -3  -2   1  -5   4   1   2  -2   2  -1  -1  -2  -1   4   2   1    7   3   2   3   0   2   9   0   9   8  18   2   5   2   4   2   3   5   8   8  0.27 0.23
  182 F    -1  -7  -6  -7   0  -5  -7  -6  -5   3   3  -6   2   5  -7  -4  -1  -6   1   1    6   0   0   0   2   1   0   1   0  15  30   0   5  21   0   2   4   0   4   9  0.91 0.50
  183 Q    -1   2   0  -2  -1   2  -1   0   1  -2  -2   2   0   2  -3   1   0  -5  -1  -1    5  11   5   2   2  11   3   7   3   2   5  13   2   8   1  11   5   0   1   4  0.20 0.21
  184 H    -1   3   1  -2   2  -1  -1  -2   2  -2   0   2  -1   0  -4   0   0   0   0  -1    5  16   6   2   5   2   5   2   6   2   9  13   2   4   1   6   6   1   3   4  0.21 0.20
  185 A     2  -6  -5  -6   1  -4  -3  -5  -4  -2   3  -6   4   3  -6  -1   0   0   4  -2   16   0   1   0   3   1   2   1   0   2  23   0   8  12   0   6   6   1  15   3  0.67 0.45
  186 M     1  -4  -3  -7  -2  -6  -6  -4  -7   0  -2  -6   2  -3  -1   2   5  -8  -4   2   12   1   1   0   1   0   0   1   0   5   4   0   5   1   4  14  36   0   0  13  0.86 0.59
  187 S     1  -4   1  -5   3  -5  -2  -1  -4  -1   2  -5   3   4  -6   0   1  -5   0  -2   12   1   8   0   6   0   3   5   0   3  17   0   6  16   0   8   8   0   3   3  0.41 0.32
  188 S    -2  -1   6   5  -4  -5  -1  -3  -5  -5  -5  -3  -4  -7  -7   2  -2  -2  -6  -7    3   3  36  26   0   0   5   2   0   1   1   2   0   0   0  16   2   1   0   0  1.28 0.75
  189 L    -2  -7   0  -6  -6  -7  -7  -5  -7   5   1  -7   3  -2  -7  -1   1  -7  -5   5    3   0   5   0   0   0   0   1   0  28  10   0   6   1   0   4   8   0   0  32  1.06 0.59
  190 F    -1  -8  -8  -8  -7  -7  -8  -6  -6   7   0  -8   3  -1  -8  -3   1  -8  -6   2    6   0   0   0   0   0   0   1   0  54   9   0   6   2   0   2   7   0   0  11  1.53 0.76
  191 I     1  -4  -3  -6   7  -4  -7   1  -3  -3   0  -5   4   1  -7   2   0  -1  -1  -1   10   1   1   0  23   1   0  10   1   2   8   1   9   5   0  16   7   1   2   4  0.82 0.51
  192 A    -1   5  -1   0   0   0   0  -2  -2  -3  -3   2  -2  -4  -6   2   0  -5  -2  -3    6  26   3   6   2   4   5   3   1   2   3  12   1   1   0  17   6   0   1   2  0.52 0.40
  193 M     0  -6  -4  -7   4  -3  -5  -6  -3   4   2  -6   5  -1  -6  -2   2  -6  -1   2    8   0   1   0   7   2   0   0   1  18  16   0  11   3   0   3  12   0   2  14  0.70 0.43
  194 C     4  -6  -4  -6   4  -5  -6  -3  -6   2   1  -5   3  -1  -6  -1   1  -7  -5   2   28   0   1   0   7   0   0   2   0  12  13   0   6   3   0   5   8   0   0  13  0.68 0.44
  195 F    -3  -7  -6  -8  -2  -7  -9  -9  -4  -3   1  -8   3   8  -9  -5  -4  -4   3  -2    3   0   0   0   1   0   0   0   0   1  11   0   7  61   0   1   1   0   9   3  2.13 0.98
  196 G    -4  -4   1  -2  -8  -2  -4   7  -1  -9  -6  -4  -5  -5  -7   1  -7  -8  -8  -7    2   1   6   3   0   2   1  69   1   0   1   1   0   1   0  12   0   0   0   0  1.79 0.92
  197 K    -3   2   0  -1  -1   2   1  -4   0   0  -2   3  -2  -2  -5   1  -1  -4   1   0    1  12   4   4   1   9   9   1   2   7   4  16   1   2   0  11   4   0   5   8  0.28 0.25
  198 V    -3   5   1   2  -4  -1   0  -4   0  -3  -4   1  -4  -4  -3   2   0  -6  -4  -1    2  29   7   9   0   2   7   1   2   2   2   6   0   1   2  16   6   0   1   4  0.61 0.41
  199 L    -4  -5  -3  -4   2  -3  -3  -4  -1   2   1  -5   1   6  -2  -3  -2  -1   4   0    2   0   2   1   4   1   2   2   1  12  14   1   3  26   3   2   3   1  14   7  0.75 0.41
  200 D    -2   0   1   4  -3   0   2   0   1  -4  -4   1  -2  -1   0   0  -2  -5  -3  -4    3   4   7  24   1   3  14   7   3   1   2   8   1   3   5   8   3   0   1   1  0.42 0.31
  201 D    -2  -2   1   4  -1  -1   2   0   1  -4  -3  -1  -2  -3  -2   1  -2  -4   4  -4    4   2   5  20   1   3  15   8   3   1   3   4   1   1   3  11   3   0  12   1  0.43 0.33
  202 S    -2  -1   1   1   1   2   2   0  -1  -2  -2   1  -1  -4   1   1   0  -4  -1  -2    2   4   6   6   3   9  15   8   2   2   5   7   2   0   8  11   6   0   2   3  0.19 0.19
  203 S    -1  -1   1   3  -3   0   2   0   0  -2  -1   0  -2  -1  -1   0  -1  -1   1  -3    4   3   6  19   0   4  16   7   3   3   6   6   1   2   3   7   3   1   4   2  0.24 0.21
  204 V     0   0   0   1  -2   1   0  -1  -1   0   0   0   0   1   0   0   0  -2   0   1    6   4   3   8   1   6   7   4   1   6   9   6   3   6   5   7   4   0   3  12  0.03 0.05
  205 D    -2  -1   2   4  -4   0   3  -1   2  -2  -3   1  -3  -2  -1   0  -1  -5  -3  -1    3   3   8  19   0   4  20   5   5   2   3   7   1   2   4   6   3   0   1   4  0.39 0.29
  206 S    -1   0  -1   1  -1  -1   2  -2  -1  -2   0   0   0   2   2   1  -1  -3  -1  -2    5   5   3   7   1   2  12   3   1   2   9   6   2  10   9  13   4   0   2   2  0.15 0.16
  207 I    -2  -2  -2  -2  -2  -1   0  -3  -3   2   3  -1   1   2  -1  -2  -1  -1   0   1    4   2   2   2   1   3   7   2   1  10  28   5   4   8   3   3   3   1   3   7  0.23 0.18
  208 G     0   0   1   0  -2   0   0   1   1  -1  -1   0  -1   0   0   0   0  -2   0   0   10   6   6   6   0   4   7  10   4   4   6   7   1   5   4   8   3   0   3   7  0.04 0.04
  209 V    -1   1   1   0  -4   2   2  -3   0   0   1   1   0  -2  -1  -1  -1  -3  -1   0    4   7   6   5   0   9  12   1   2   5  13  10   2   1   2   5   4   0   2   6  0.14 0.15
  210 A     1   1  -1   0  -1   0   2  -1   0   0   0   0   2  -2   0  -1   0  -3  -1   0   11   7   3   4   1   3  13   3   2   7  11   7   6   2   5   4   5   0   2   5  0.07 0.10
  211 L    -1  -2  -2  -2  -1  -1   0  -3   1   2   2  -1   2   4  -4  -2  -1  -1   2   1    4   2   2   2   1   2   6   2   3  10  17   3   4  16   1   3   3   1   7  10  0.28 0.21
  212 R    -1   2   0   1  -2   1   2  -2  -1  -1  -1   3   0   0  -4  -1  -1  -4  -2  -1    5  13   4   7   1   6  12   3   1   5   7  17   3   4   0   5   3   0   1   4  0.22 0.20
  213 D     0  -1   0   3  -2   0   3  -2  -1  -2  -2   1  -1  -1  -1   0  -1  -6  -3  -2    7   2   5  16   1   5  21   3   1   2   5  10   1   3   3   6   5   0   1   3  0.31 0.26
  214 F     0  -3   0  -3  -4  -2  -1  -2   0   2   2  -3   3   4  -5  -2  -2   0   0   0    8   1   5   1   0   1   5   3   2   9  21   2   7  17   0   3   3   1   3   7  0.36 0.25
  215 V    -1  -3  -1  -2  -3  -1   0  -4  -3   3   1  -3   3   2  -4  -2   0  -4  -2   3    5   1   3   2   0   3   8   1   1  16  12   1   8   8   1   4   5   0   1  22  0.40 0.28
  216 L    -1   1   1   0  -2   0   1  -1   0   0   0   1   0   1  -2   0   0   0   0   0    5   9   7   5   1   4   9   4   2   6  10   9   3   6   1   4   5   1   4   6  0.05 0.06
  217 H     0  -1   1   0  -3   1   3  -1   1   0   0  -1   0   1  -3  -1   0  -3  -2   0    7   3   6   5   0   5  20   5   3   5   9   3   3   6   1   5   6   0   1   6  0.14 0.15
  218 G     0   0  -1  -2  -1  -1  -1   0  -1   1   0   0   1   1  -2   1   0  -3  -1   1    9   5   3   2   1   3   3   9   1   9  10   5   5   6   1  13   6   0   2   9  0.07 0.09
  219 G     0  -1   0  -1  -3   0   0   1  -2   0   1  -1   1   1  -2   0   0  -2  -1   0    7   4   4   2   0   3   6  14   1   6  16   4   5   7   2   7   6   0   2   5  0.07 0.09
  220 A     1   1   0   0  -3   0   0  -1   1  -1   0   0   0   0   0   0   0   0   0  -1   11   8   4   4   0   3   8   3   4   4  11   7   2   5   4   8   5   1   4   4  0.04 0.06
  221 S     0  -1   1  -2  -1  -1  -2   0  -1   0   1  -1   2   0  -1   1   1  -2  -1   0    9   4   6   1   1   2   2   6   1   4  15   3   6   5   3  14   8   1   2   6  0.08 0.12
  222 G     1  -1   0  -2  -1  -1  -1   0   0   0   0  -1   0   0  -1   2   0  -3  -2   0   11   4   4   2   1   2   3   8   3   5  12   3   3   5   3  16   6   0   1   7  0.07 0.10
  223 M     0  -1  -1  -1  -2  -1  -2   2  -1   0   0  -1   1   1   1   0   0   1   0   0    7   4   3   3   0   3   2  16   1   5  10   2   4   6   8   7   5   2   3   8  0.08 0.09
  224 G     1   0  -1  -1  -1  -1  -1   1  -1  -1   0  -1   0   1   1   1   0   4  -1   0   10   4   3   4   1   2   3  11   1   4   9   4   3   6   6  12   5   5   2   5  0.08 0.10
  225 M    -1  -1  -2  -2  -3  -2  -3  -1  -1   2   1  -3   2   5   0  -1  -1  -1  -1   1    4   4   2   3   1   2   2   5   2  10  12   1   5  23   6   4   4   1   2   9  0.30 0.22
  226 A     0  -1   3   2  -1   2  -1  -2  -1  -1  -2  -2  -1   0   2   1  -1  -1  -1  -1    9   3  15  10   2   9   4   2   2   3   5   2   2   4   9   9   4   1   2   5  0.19 0.19
  227 L    -1  -2  -2  -3  -1  -3  -5  -2  -3   3   2  -4   2   2   0  -2  -2   1   1   2    5   2   2   2   1   1   0   3   1  16  22   1   4  10   5   3   2   2   5  14  0.39 0.25
  228 F     0  -1  -2  -2   1  -2  -2   0  -2   0   0  -2  -1   3   0   1  -1   1   2   0    9   3   2   3   3   1   3   7   1   5  10   2   1  15   6  10   4   2   7   8  0.15 0.14
  229 L    -3   0   2   5  -5  -2  -1  -2  -3  -1  -1  -2  -1   0   2  -2  -2   0  -1  -2    2   5   9  33   0   2   4   3   0   3   8   3   2   4  11   3   2   1   2   3  0.58 0.38
  230 F    -2  -2   0  -3  -5  -3  -5  -4   1   2  -1  -3   2   6  -2  -2  -2   2   5  -1    4   2   5   2   0   1   0   1   3  10   6   2   6  26   2   3   2   3  17   3  0.75 0.42
  231 L    -4  -5  -5  -6  -3  -2  -6  -6  -2   3   3  -5   2   6  -5  -3  -4  -1   0   0    2   0   1   1   1   2   1   1   1  15  28   1   4  30   1   2   1   1   3   6  1.05 0.52
  232 P    -3  -1  -3  -2  -6  -2  -4  -3  -2  -4  -3   0  -4  -5   7  -1  -4   1  -1  -5    2   4   2   2   0   2   2   3   1   1   3   7   0   1  61   4   1   2   2   1  1.63 0.83
  233 A    -1  -1  -1  -3  -1  -2  -3   1   0   2  -1  -1  -1   2   0   2  -1   6   1  -1    4   4   2   1   1   1   2  10   2  11   6   4   1   8   5  14   4  10   5   4  0.26 0.21
  234 L    -2  -4  -4  -3  -2  -3  -5  -4  -5   1   5  -3   1   1  -1  -2  -1   4  -1  -1    3   1   1   1   1   1   1   1   0   7  48   2   3   6   4   3   5   5   2   4  0.73 0.41
  235 T     0   2  -1  -2  -2  -1  -1   0  -1  -1   0   1   0  -1   2   0   0   0   0  -1    9  11   2   2   1   3   3   7   2   4  10  10   2   2  10   8   5   1   3   5  0.10 0.11
  236 T    -2   0   0   0  -2   0  -1  -1   0  -1  -1   0   1   1   2  -1  -1   6   2  -1    3   6   5   5   1   4   3   5   3   4   6   6   3   7  12   5   5  10   6   3  0.24 0.19
  237 R    -2   1  -2  -1  -3  -1  -2  -2  -1   1   2   2   0   3   0  -2  -1   3   1   0    3   9   2   4   0   2   2   3   1   8  18  12   2  11   4   2   3   4   4   5  0.20 0.16
  238 L    -2  -2  -1   3  -1  -3  -3  -3   0   0   2  -2   1   1   1  -2  -2   3   2   0    3   2   3  16   1   1   1   2   2   5  24   3   3   6   6   2   2   4   6   6  0.28 0.22
  239 F    -2  -1   0  -3  -2  -3  -4  -2   0   0   2  -2   0   5   2  -2  -2   2   1  -1    4   4   5   2   1   1   1   3   2   5  17   2   2  23  10   3   3   3   5   5  0.41 0.27
  240 R    -3   3  -1  -1  -5   2  -1   0  -2   0   0   1  -1  -1   4   0  -1  -2  -2  -3    2  13   3   3   0   8   3   6   1   5   8   9   1   2  20   6   3   1   2   2  0.32 0.26
  241 G    -2   0   1  -1  -2  -1  -2   4  -1  -2  -2   0  -2   1  -1   1   0   3  -1  -3    3   5   7   3   1   2   2  30   1   2   4   7   1   5   3  11   5   3   2   1  0.36 0.26
  242 L    -1  -1  -1  -3   0  -1  -3   0   1   1   2  -1   1   1  -2  -1   0   1   1   0    5   3   3   1   2   2   1   9   4   8  24   4   4   7   2   3   6   2   5   4  0.14 0.13
  243 L    -1   1   1   0  -2   0   0  -1   1   0   0   1   0   1   0  -1   0   1   0   0    5   7   6   4   1   4   7   3   5   4  12   8   2   6   5   4   7   2   2   6  0.04 0.05
  244 R    -1   4   0  -1  -3   0   0  -2   0  -4  -3   4  -4   0  -1  -1  -2   1   1  -3    6  22   5   3   1   5   5   4   2   1   2  21   0   5   4   4   2   2   4   2  0.42 0.30
  245 S     0   3   0  -1   0   1   0  -1   1  -1  -1   2  -1   0  -1   0   0   1   0  -2   10  15   4   3   2   5   6   5   3   4   5  12   1   4   3   5   5   2   3   2  0.12 0.13
  246 K    -1   2  -1  -2   1  -1  -2  -3  -2   0   0   3   3   1  -2  -2  -1   2   0  -1    6  13   2   3   3   3   3   2   1   5  10  18   8   6   2   3   3   3   2   5  0.23 0.20
  247 E     0   1   0   1  -2   1   1  -1   0  -1  -1   3   0  -1  -2   0  -1  -1  -1  -1    9   6   5   7   1   5  11   4   2   4   7  17   3   3   1   6   2   1   2   4  0.13 0.14
  248 A     1   1  -1   0  -1   1   1  -1  -1   0  -1   2   1   0  -3   0   0   0  -1   0   12   8   3   5   1   5   8   4   1   7   6  12   3   4   1   6   6   1   1   6  0.07 0.09
  249 K     0   2   0  -1  -1   0   0  -2   3   1   0   1  -1   0  -3   0  -1   1   0   0    8  10   5   2   2   4   6   2   7   8  10   9   1   5   1   5   3   2   3   6  0.08 0.10
  250 R     1   2   1  -1  -1   0  -1  -1   2   0   0   0   1   2  -3  -1  -1  -1  -1   0   11  14   6   3   1   3   3   4   6   5   9   6   4   8   1   4   3   1   1   7  0.11 0.12
  251 Q     0   2   0   0  -2   3   1  -1   1  -2  -3   3  -2  -2  -4   0  -2   2  -2  -2    6  12   4   6   1  11   8   5   3   3   3  18   1   2   1   6   3   3   1   3  0.28 0.23
  252 K    -1   3   0   0  -2   0   1  -2   0   0  -1   4  -2   0  -2  -1  -1  -4  -3  -1    4  17   4   5   1   3  10   3   3   5   6  21   1   4   2   4   3   0   1   4  0.30 0.23
  253 L    -2   0  -3  -2  -3  -1  -1  -3  -4   2   3  -1   3   2  -4  -3  -1   1  -1   1    4   6   1   3   0   2   4   2   0  13  24   3   7   8   1   2   4   2   2  10  0.30 0.20
  254 E    -1   0   0   2  -3   0   1  -3   0   0   0   1   1   1  -2  -1  -1  -2   0   1    4   6   4  12   0   4   8   2   3   5  11   8   4   8   1   5   4   0   3   9  0.09 0.10
  255 N     0   1   3   3  -3  -1   0  -1   2  -3  -2   1  -1  -3  -1   0  -1  -2  -2  -2    7   7  14  17   0   2   7   5   6   2   4   8   2   1   3   6   4   1   1   3  0.27 0.20
  256 V     0   0  -1   0  -1   0   1  -2  -1   1   0   0   0   1  -2   0   0   1   0   1    8   4   3   6   1   3   9   3   1  11  10   6   2   7   1   5   6   2   2  11  0.05 0.06
  257 Y    -2  -3  -3  -1  -2  -3  -2  -4   1   2   1  -2   1   6  -4  -2  -2   0   4   0    4   1   1   4   1   1   3   1   3  11  11   3   4  28   1   3   2   1  11   6  0.62 0.34
  258 C    -1   0  -1  -1   0   0   0  -1  -1   0   2  -1   1   0  -3   0   1  -1   1   0    5   5   2   3   2   4   5   4   2   6  19   4   4   4   1   6  11   1   5   8  0.07 0.09
  259 L    -1   1   1   2  -3   2   2  -1  -2   0   0   0   1  -2  -3   0  -1  -2  -2  -1    4   7   6  14   1   8  13   4   1   6   8   5   3   2   1   7   4   1   1   4  0.16 0.15
  260 P     0   1   1   1  -2   0   1   0   0  -1  -2   2  -1   0  -1   0  -1  -2  -1  -2    6   9   7   9   1   3  10   7   2   4   3  15   2   4   4   7   3   1   2   2  0.14 0.13
  261 L    -2  -3  -3  -3  -3  -1  -3  -4  -1   4   2   0   2   2  -4  -2  -3   1   0   3    3   2   2   2   1   3   2   1   1  24  16   5   4   7   1   3   1   2   4  16  0.45 0.27
  262 I    -3  -3  -2  -3  -3  -3  -2  -4  -5   5   2  -3   0   1  -3  -4  -2  -2   1   2    2   2   2   2   0   1   3   1   0  35  16   1   2   6   2   1   3   1   4  14  0.71 0.37
  263 H     0   0   1   2  -3   2   2  -2   2  -1  -2   1  -1  -2  -4  -1   0  -1  -1  -1    8   5   6  13   1  10  14   2   5   4   4   9   2   2   1   4   5   1   2   4  0.23 0.19
  264 E    -1   1   0   1  -3   1   4  -3   1  -2  -1   2  -2  -4  -4  -2  -1  -2  -3  -3    6   6   5   8   1   6  30   2   3   2   6  12   1   1   1   3   3   1   1   2  0.47 0.33
  265 R    -2   5  -2  -3  -1   0   0  -3   6  -1  -3   1  -2   0  -4  -2  -1  -5  -1  -1    3  31   2   1   2   3   5   2  19   4   3   7   1   3   1   3   4   0   2   4  0.79 0.44
  266 R    -2   4  -1  -3  -1   0   0  -4  -2   1   0   3   0  -3  -4  -2  -2  -2  -1   1    4  23   2   2   1   4   6   1   1   8  10  19   3   1   1   2   2   1   2   8  0.42 0.28
  267 E     0   0   0   1  -3   2   3  -3  -2   1  -2   2   0  -3  -3  -2  -2  -4  -2   0    9   5   5   7   0  10  20   2   1   8   3  13   2   1   1   3   2   0   2   6  0.30 0.24
  268 R     0   3   0   0  -3   2   1  -2   0  -3  -1   3   0  -2  -2   0   0  -3  -1  -3    8  15   4   5   1   9  10   2   2   1   6  16   2   1   2   6   5   0   2   2  0.26 0.20
  269 R    -1   4   0  -1  -4   0   2  -1   0  -1   1   1   1  -1  -3  -2  -2   2  -2  -1    6  20   4   3   0   4  13   4   2   4  12   7   4   2   1   2   2   3   2   3  0.23 0.19
  270 K    -1   2   1   0  -4   1   1  -3   4  -1  -2   3   0  -3  -2   0  -1  -4  -2  -2    6   9   7   5   0   6   9   2  11   3   4  19   2   1   2   6   3   0   1   3  0.32 0.23
  271 T     0   0   0   0  -2   1   2  -1  -1  -1  -1   1   0  -2   0   1   0  -2   0  -1    8   6   5   5   1   7  11   4   2   4   6   9   2   1   4  12   7   0   3   3  0.10 0.11
  272 K     0   0   1   0  -2   2   2   2   0  -4  -3   3  -3  -4  -1   0  -1  -4  -4  -3    7   6   8   5   1   9  13  15   2   1   3  16   1   1   3   6   3   0   0   2  0.31 0.24
  273 Q    -1   0   1   1  -3   2   1   0  -1  -1  -2   1  -1  -3  -1   2   1  -1  -3  -2    4   4   7   7   1   8   9   8   1   4   5   8   2   1   3  14   8   1   1   2  0.14 0.15
  274 L     0  -1   0   0  -1   0   0   0  -1   0   1   0   0   0  -1   0   0   0   0   0   10   3   5   4   1   4   6   7   1   7  18   5   2   5   3   5   4   1   2   5  0.01 0.03
  275 T     0  -1   2   4  -2  -1   0   0  -2  -3  -2  -1  -2  -3  -1   1   1  -2  -3  -2    7   4   8  22   1   3   7   8   1   2   4   4   1   1   3   9  11   1   1   4  0.26 0.21
  276 Q     0   1   1   1  -3   2   1   1   0  -2  -2   1  -2  -3   2   0  -1  -2  -2  -1    6   6   6   7   0   8   9  10   2   2   4  10   1   1  10   7   3   1   1   4  0.15 0.14
  277 E    -1  -1   3   2  -3   0   2   1   0  -3  -3   1  -4  -3  -1   1   0  -4  -3  -2    4   3  13  12   0   3  13  10   2   2   2   9   0   1   4  10   6   0   1   3  0.28 0.22
  278 H     0   0   2   1  -1   1   2   0   3  -2  -2   1  -2  -2   0   0  -1  -3  -1  -2    7   5  11   7   1   5  12   8   7   2   3   8   1   1   5   7   3   0   2   4  0.16 0.14
  279 P     0   1  -1   0  -2   0   0   0   0   0  -2   0  -1  -3   4  -1  -1  -1  -2  -1    7   9   3   5   1   4   7   6   2   5   4   7   1   1  23   5   3   1   1   4  0.28 0.20
  280 H    -1   4   1   1  -2   2   1  -1   0  -3  -3   2  -1  -3  -1  -1  -1  -1  -3  -2    5  21   7   7   1   7   8   5   3   1   3  12   1   1   4   5   4   1   1   4  0.28 0.21
  281 C    -2  -3   0   7   3  -3  -2  -1  -1  -3  -4  -1  -5  -4  -2   1  -2  -5  -5  -3    3   1   4  51   5   1   2   4   2   2   3   3   0   1   2  10   3   0   1   3  1.11 0.58
  282 Y    -2  -2  -4  -3  -3  -2  -2  -4  -2   1   2  -2   2   6  -3  -3  -3   0   2  -1    4   3   1   2   1   2   2   2   1   9  19   3   6  30   2   2   1   1   6   4  0.67 0.36
  283 V    -2  -1  -3  -2  -2  -4  -4  -3  -1   4   2  -2   3  -2  -2  -2   2  -5  -3   2    3   4   1   3   1   1   1   3   1  19  21   2   8   1   2   2  12   0   1  15  0.46 0.29
  284 D    -5  -4   0   7  -6   1   0   1  -2  -6  -3  -2  -5  -6  -4   0  -3  -6  -3  -5    1   1   4  54   0   6   5   9   1   0   3   3   0   0   1   6   2   0   1   1  1.31 0.68
  285 T     1  -3  -2   2   1  -2  -3  -3   2   1   1  -3   1  -1  -4   1   0  -5   0   2   11   1   1  14   3   2   1   1   4   8  12   1   3   2   0   9   6   0   4  16  0.25 0.22
  286 L    -3  -6  -6  -6  -2  -6  -6  -7  -4   1   5  -5   5   4  -7  -6  -5  -4   1  -1    2   0   0   1   1   0   1   0   0   8  47   1  11  16   0   0   0   0   5   4  1.25 0.63
  287 L    -3  -6  -6  -7  -4  -3  -6  -5  -7   3   6  -7   2  -2  -7  -4  -3  -6  -3  -1    2   0   0   0   0   1   1   1   0  17  63   0   4   2   0   1   2   0   1   3  1.45 0.71
  288 D    -1   0   1   4  -3   2   1  -2   1   0  -2   0  -2  -4  -4   2  -1  -2  -2  -3    5   6   6  21   0   8  10   4   3   5   4   5   1   1   1  13   4   1   1   2  0.32 0.25
  289 L     1   0  -2  -2  -2  -2   0  -2   2   1   2   0   1   0  -3   0  -1  -1   0   0   11   5   2   1   1   1   7   3   6   9  18   5   4   4   1   7   4   1   3   7  0.11 0.12
  290 R    -2   1  -1  -3   1   1  -2  -3  -1   0   2   1   4   0  -4  -2  -2  -3   1  -1    3   8   3   1   3   7   3   2   2   5  23   9  12   4   1   3   2   0   4   3  0.30 0.23
  291 L    -1   0   1  -1  -3   1   2  -1   0   1   2   0   3  -2  -3  -2  -2  -3  -2  -1    4   4   6   3   1   5  12   4   2   7  23   7   7   1   1   3   2   0   1   4  0.18 0.16
  292 D    -1  -1   1   2  -4   3   2  -1  -2  -2  -2   2  -1  -1  -3   0  -1  -4  -3  -3    5   3   7  11   0  12  14   6   1   2   5  15   1   2   1   8   4   0   1   1  0.28 0.24
  293 E     2   0   0   0  -3   1   2   0  -1  -2  -2   2  -1  -2  -2   1  -1  -4  -1  -2   15   4   4   5   1   5  16   7   1   2   3  13   2   2   2  10   3   0   2   2  0.21 0.20
  294 E    -2   0   0   2  -3   1   3  -1  -2  -3  -4   3  -3  -4  -1   0   1  -5  -2  -2    3   5   4  13   1   6  20   5   1   2   1  15   1   1   3   7   7   0   2   2  0.37 0.28
  295 Q     0  -1   1   2  -3   1   2   0   1  -2  -2   2   0  -3  -1   0  -1  -1   0  -2    7   2   7  13   0   6  11   7   4   3   4  12   3   1   3   6   3   1   3   2  0.17 0.16
  296 D    -2  -2   3   3  -3   0   3   0  -2  -3  -3   0  -4  -3  -2   1  -1  -4  -2  -2    3   2  14  18   1   3  20   6   1   1   3   6   0   1   2   9   3   0   2   3  0.43 0.30
  297 G     0  -1   2   1  -2   0   0   2   1  -2  -2   0  -2  -2   1   1   0  -3  -2  -2    7   2  11   8   1   5   6  16   3   3   4   6   1   1   8   9   5   0   1   3  0.18 0.15
  298 G    -1   0   1   0  -4   0   2   3   1  -3  -2   1  -3  -3   0   0  -1  -3  -2  -3    3   4   7   5   0   4  11  24   4   2   4   8   1   1   5   8   3   0   2   2  0.29 0.21
  299 R    -1   0   1   1  -2   0   0   0  -1  -1  -1   1  -1   1  -1   1   0  -3   0  -1    5   5   8   7   1   4   6   7   1   4   5  11   1   6   3  12   5   0   3   5  0.07 0.08
  300 L    -1   0  -1  -2  -4   1   2  -1   1  -2   0   2  -1  -1   2   1  -1  -1  -1  -1    6   6   3   2   0   6  13   5   3   2   8  12   1   3  10  10   3   1   2   4  0.15 0.15
  301 L    -4  -5  -4  -4  -4  -6  -5  -5  -3   2   5  -5   4   4  -4  -4  -4  -2   1   0    1   1   1   1   0   0   1   1   1  12  44   1   8  15   1   2   1   1   4   5  1.01 0.52
  302 T    -2  -2   2   0  -3  -2  -2  -3   0  -5  -4  -2  -5  -4   0   4   5  -5  -3  -5    3   2   9   6   1   2   3   2   2   1   2   2   0   1   5  27  30   0   1   0  0.79 0.54
  303 D    -3   1   0   5  -6  -1   2  -4   0  -1  -1  -1   2  -1  -3  -3  -1   0  -2  -2    2   7   5  32   0   2  12   1   3   5   7   4   4   2   2   2   5   1   2   3  0.54 0.37
  304 H    -2  -1   1   4  -6   2   4  -3   1  -4  -3   1  -2  -5  -4  -2   0  -5  -4  -3    4   3   6  22   0   8  27   2   3   1   3   7   1   0   1   3   5   0   1   2  0.66 0.45
  305 E    -2  -3   3   3  -2   2   4  -3   3  -2  -3  -1  -2   0  -4   0  -1  -5  -2  -2    3   1  14  13   1   8  24   2   8   3   2   3   1   4   0   6   3   0   1   3  0.46 0.34
  306 I    -3  -7  -5  -8  -4  -7  -7  -5  -7   6   3  -7   2  -4  -7  -6  -4  -4  -6   2    2   0   0   0   0   0   0   1   0  49  27   0   4   0   0   0   1   0   0  14  1.48 0.68
  307 A     1   2  -2  -3   0   0  -2  -3  -1   2   0   3   0  -3  -3  -1  -1  -5  -2   1   11  10   2   1   2   3   1   1   2  11  10  24   3   0   1   3   3   0   1  12  0.30 0.26
  308 S     3  -3   0   2  -1  -1   0   1   1  -2  -2  -2   1   0  -3   0  -2   0   1  -2   25   1   4  14   1   3   5  11   4   2   3   1   4   4   1   8   2   1   5   2  0.26 0.25
  309 L    -2  -4   2  -3  -2   2   1  -4  -2   2   1  -2   2  -1  -4  -1   2  -5  -3   1    3   0   9   1   1  10  11   1   1  15  15   2   4   3   0   4  12   0   0   9  0.28 0.27
  310 C     1  -6  -5  -6   5  -5  -5  -3  -6   4   1  -5   2  -2  -5   0   0  -6  -5   3   12   0   0   0  13   0   0   3   0  20  13   0   4   2   0   6   5   0   0  23  0.70 0.41
  311 I    -1  -3   0  -1  -1  -2  -2   0  -2   2   2  -1   2   2  -3   0   0   2  -1   1    5   0   4   4   1   1   2   7   1  11  20   4   6   9   0   6   7   3   1   8  0.14 0.15
  312 E    -1  -5   2   5  -5  -3   2  -1  -3  -1  -2  -4  -1  -4  -5   0   2  -6  -4  -1    4   0   8  32   0   0  14   5   0   4   5   0   1   0   0   7  14   0   0   5  0.62 0.42
  313 I    -3  -6  -7  -7  -4  -5  -7  -7  -4   3   4  -6   5   5  -6  -5  -3  -5  -2   0    2   0   0   0   0   0   0   0   0  16  34   0  14  23   0   1   1   0   1   7  1.17 0.57
  314 L    -4  -6  -3  -7  -4  -4  -6  -7  -4   3   3  -6   4   6  -7  -5  -3  -3   2   0    1   0   1   0   0   1   0   0   0  15  25   0  11  31   0   0   2   0   7   5  1.15 0.56
  315 I     0  -4  -2  -3  -4  -3  -2   1  -2   2   1  -4   1   4  -5  -1   0  -3  -1   1    7   0   2   1   0   1   3  10   1  13  15   0   4  21   0   5   5   0   2  10  0.36 0.26
  316 V     6  -4  -6  -4  -6  -5   0   3  -6  -6  -5  -5  -6  -7  -3  -2  -4  -7  -7  -4   66   1   0   1   0   0   5  20   0   0   1   0   0   0   1   2   1   0   0   1  1.54 0.79
  317 G     1  -7  -6  -5  -7  -7  -7   7  -7  -9  -9  -7  -5  -8  -7  -1  -4  -8  -8  -8    9   0   0   1   0   0   0  85   0   0   0   0   0   0   0   4   1   0   0   0  2.36 1.01
  318 S    -2  -1  -4  -4  -5   0  -4  -4   5   0  -3  -3   1   2  -4   1   4  -5   2   1    3   3   0   1   0   5   0   1  14   6   1   1   4   8   0  12  23   0   7  10  0.54 0.41
  319 E    -4  -6  -2   7  -8  -3   5  -3   1  -6  -6  -4  -5  -7  -6  -4  -4  -8  -7  -4    1   0   1  49   0   1  38   2   3   0   1   0   0   0   0   1   1   0   0   2  1.79 0.87
  320 L    -2  -7  -2  -7  -7  -6  -7  -6  -7  -4  -6  -6  -7  -8  -5   1   8  -8  -7  -5    3   0   2   0   0   0   0   0   0   1   0   0   0   0   1   8  84   0   0   0  2.44 1.14
  321 P    -2  -6  -2  -6  -4  -4  -6  -4  -6  -1  -3  -5  -2  -4  -2   3   6  -7  -6   1    3   0   2   0   0   0   0   1   0   4   2   0   1   1   2  23  52   0   0   9  1.28 0.74
  322 A     4  -6  -2  -5  -5  -5  -5  -1  -4  -3  -3  -3  -4  -4  -3   5   1  -4  -2  -2   31   0   1   0   0   0   0   4   0   1   2   1   0   1   1  43   8   0   1   3  1.03 0.65
  323 T     1  -3   2  -3  -5  -2  -4  -3  -2   0  -2  -4   0  -3  -5   3   4  -1  -4   1   10   1  10   1   0   1   1   2   1   6   4   0   2   1   0  23  27   1   0   8  0.57 0.44
  324 A     3  -5  -3  -6  -2  -4  -4  -2  -4  -1   0  -5  -2  -3  -2   1   6  -4  -4   0   21   0   1   0   1   1   1   3   0   3   9   0   1   1   2   8  42   0   0   7  0.86 0.56
  325 L    -2  -6  -5  -7  -1  -5  -5  -7  -6   4   5  -6   4  -2  -6  -2   0  -6  -5   1    4   0   0   0   1   0   1   0   0  19  45   0  11   1   0   4   6   0   0   8  1.01 0.54
  326 E     0   1  -1  -1  -1   0   3  -2  -2  -1  -1  -2   0  -4  -4   3   3  -5  -3  -1    7   7   2   2   1   3  18   2   1   4   6   1   3   0   0  21  16   0   1   3  0.33 0.31
  327 W    -4  -7  -6  -9  -4  -7  -8  -4  -1  -5  -1  -8   1   4  -9  -2  -4  11   2  -3    2   0   0   0   0   0   0   2   2   0   5   0   4  14   0   4   1  57   6   2  2.73 1.11
  328 I     4  -5  -4  -5   2  -5  -4   0  -3   2  -1  -5   1   2  -5   0   2  -3  -4   1   31   0   0   0   4   0   0   7   1  11   6   0   3  10   0   5  14   0   0   8  0.51 0.38
  329 M    -4  -6  -6  -7  -1  -6  -7  -5  -6   3   4  -6   6   2  -7  -4   0  -4  -5   2    1   0   0   0   1   0   0   1   0  15  36   0  18   8   0   1   6   0   0  12  1.06 0.55
  330 A     1  -4  -3  -5  -1  -1  -4  -4  -1  -1   2   0   3   1  -5   0   0   2   5   0   14   0   1   0   1   2   0   1   1   3  20   6   6   5   0   6   7   3  19   5  0.43 0.33
  331 E     0  -3  -1  -4  -2  -1   4  -5   0  -2   2  -4   0   3  -6  -3  -4  -3   4  -3   10   1   3   0   1   3  27   0   2   1  23   0   3  10   0   1   0   0  12   1  0.62 0.44
  332 L    -5  -7  -8  -9  -3  -7  -8  -7  -8   0   6  -7   6  -4  -8  -7  -6  -7  -6  -2    1   0   0   0   1   0   0   0   0   4  74   0  18   0   0   0   0   0   0   2  1.98 0.89
  333 V     3  -5  -5  -5   0  -3  -4  -1  -1   2   2  -4   3  -3  -4   1   0  -5  -2   1   25   0   0   0   2   1   1   4   2  12  19   0   7   0   0   9   6   0   1  11  0.44 0.34
  334 K    -2   3   3   0   0   0   0  -3   1  -3   0   3   0  -5  -5  -1   0  -6  -4  -4    3  18  14   4   2   3   6   1   3   1  11  20   3   0   0   3   7   0   0   1  0.45 0.34
  335 N    -6  -1   6  -2   1  -1  -3  -6   8  -8  -5  -2  -6  -1  -7  -3  -4  -3   4  -7    0   3  34   2   3   2   2   0  32   0   1   2   0   3   0   2   1   0  13   0  1.69 0.81
  336 P    -6  -3  -8  -6  -9   1  -4  -8  -3  -8  -4  -3  -6  -9   8  -4  -4  -9  -9  -6    0   2   0   0   0   5   1   0   1   0   2   2   0   0  83   1   1   0   0   1  2.73 1.20
  337 G    -2   1   1   4  -5   0   5  -3   3  -5  -4   1  -4  -7  -5  -1  -2  -7  -6  -5    3   7   5  23   0   3  35   2   6   1   1   7   0   0   0   3   2   0   0   0  0.87 0.52
  338 V     1  -5  -5  -6   2  -5  -4  -6   0   4  -1  -1  -1  -4  -6  -4  -2   3   0   5   11   0   0   0   4   0   1   0   2  21   5   5   1   0   0   1   2   4   3  39  0.87 0.49
  339 Q    -4  -4  -6  -6  -3   7  -1  -6  -3  -3   2  -3   5  -2  -6  -5  -2  -6   0  -2    2   1   0   0   1  49   4   1   0   1  16   1  14   2   0   0   3   0   3   3  1.41 0.78
  340 D     1   2  -1   2  -5   2   4  -4  -2  -6  -5   4  -4  -6  -4  -2  -2  -5  -5  -4   13  10   3   9   0  10  25   1   1   0   1  22   0   0   0   3   2   0   0   1  0.70 0.46
  341 K    -2   5  -4  -4  -5  -1  -1  -5  -2  -4  -5   7  -2  -8  -6  -5  -3  -4  -5  -6    4  26   0   1   0   3   4   1   1   1   1  55   1   0   0   0   1   0   0   0  1.57 0.78
  342 L     3  -6  -7  -7   3  -6  -6  -5  -7   2   4  -6  -1  -5  -6  -5  -4  -6  -5   4   26   0   0   0   5   0   0   0   0   9  33   0   1   0   0   0   1   0   0  25  1.01 0.56
  343 Y    -5   4  -5  -5  -4   6  -3  -6   3  -3  -1   0  -3   0  -6  -5  -2  -5   4  -2    1  23   0   0   0  34   0   0   6   1   6   5   1   4   0   0   2   0  12   3  1.11 0.64
  344 E     2  -1   0   2  -6   3   5  -4  -1  -6  -5   1  -4  -5  -5  -1  -2  -6  -5  -4   15   3   5   9   0  13  37   1   1   0   1   9   0   0   0   3   2   0   0   1  0.83 0.52
  345 E    -6  -6  -6  -2  -9  -2   8  -7  -6  -8  -7  -4  -7  -8  -7  -5  -6  -8  -7  -8    0   0   0   2   0   1  94   0   0   0   1   0   0   0   0   1   0   0   0   0  2.85 1.23
  346 M    -4  -6  -4  -6  -4   1  -6  -7   1   6   3  -6   0  -3  -6  -4  -4  -6  -5   3    0   0   1   0   0   7   0   0   3  40  23   0   2   0   0   2   0   0   0  20  1.15 0.57
  347 M    -2   3  -1   4  -1   1   0  -3  -1  -1   0   1   1  -1  -3  -2  -1  -2  -3  -1    3  17   3  22   2   5   5   2   1   4  11   8   4   2   1   2   3   0   1   4  0.29 0.20
  348 V     1   1   0   0  -2   1   2   0   0  -2  -2   0  -1  -3  -1   1   1  -3  -2  -1   13   8   5   4   1   7  14   7   2   3   4   5   1   1   2  11   9   0   1   3  0.15 0.12
  349 K     1  -2  -1  -2  -1  -1  -1  -2   0   2   0  -1  -1  -1  -2  -1   0  -1  -1   3   10   2   4   1   1   3   4   2   2  14   8   4   1   3   2   3   5   1   2  27  0.21 0.15
  350 A     0  -1  -1  -2   1  -1  -1  -1  -1   2   2  -1   1   2  -1  -1  -1  -1   0   1    7   5   2   2   4   2   3   4   2  13  18   2   4   9   2   4   3   1   3  13  0.10 0.08
  351 K    -1   1  -1  -1  -3   0   0   4  -1  -2  -2   2  -2  -2   0  -1  -2  -3  -3  -2    5   8   3   3   1   4   6  33   1   2   3  14   1   2   5   4   2   0   1   2  0.38 0.20
  352 A     0   1   1   1  -1   1   1   0   0  -1  -1   1  -1  -1   1   1   0  -2  -2  -1    8  10   7  10   1   5   7   6   2   3   5   9   1   2   6   9   4   0   1   3  0.10 0.06
  353 T    -1   0   2   2  -2  -1   1   0   2   0  -2   2  -1  -2  -1   0   0  -2  -1  -1    5   4  10  11   1   2   9   8   5   6   4  12   1   2   3   8   4   1   2   3  0.12 0.08
  354 T    -1   3   1   1  -1   0   1   0  -1  -1  -1   1  -1  -2   0   0   0  -2  -2  -2    5  18   5   8   1   4   7   7   1   3   6  10   2   2   4   6   5   1   1   3  0.13 0.08
  355 D    -1  -1   1   4  -2   0   2   0  -1  -2  -2  -1   0  -2   1  -1  -1  -2  -2  -1    5   3   7  24   1   4  14   7   1   3   5   4   3   2   6   4   2   0   1   4  0.26 0.14
  356 A     1   1   0   0  -1   0   0   0   0  -1  -1   0   0  -2   1   0   0  -2  -1   0   11  11   5   5   1   5   7   7   2   5   5   5   2   2   8   5   5   1   2   6  0.06 0.04
  357 S     0   0   0   0  -1   0   1  -1  -1   0  -1   0   0   0   0   0   0  -2  -1   2    6   5   5   6   1   3   9   4   2   3   6   5   2   3   4   7   4   1   2  22  0.06 0.06
  358 A     0  -1   0  -1   1   0   0   1  -1   1   0   0   0   0   1   0   0   0  -1   1    7   3   4   3   4   3   5  11   2   8  10   4   2   3   6   5   4   1   2  14  0.02 0.02
  359 G     0  -1   0   0   0   0   0   4  -1  -2  -1   0  -2  -2   0   0   0  -1  -2  -1    5   2   5   5   2   3   6  32   1   2   6   5   1   2   4   6   5   1   1   4  0.25 0.11
  360 V     0   1   0   1  -1   0   1   0   0  -1  -1   1   0  -1   0   0   0  -2  -1  -1    5   7   5   9   1   4   8   8   2   4   7  13   2   2   4   7   4   1   1   4  0.06 0.04
  361 L     0   1   0   1  -1   0   1  -1   0  -1  -1   0  -1  -1   0   0   0  -1  -1   0    8   9   5   9   2   4   9   5   3   4   7   7   1   2   4   7   5   1   2   6  0.05 0.03
  362 P    -1   3  -1  -1  -2   1   0  -2  -1  -2  -1   1  -1  -1   3   0   0  -2  -1  -1    5  17   3   3   1   6   7   3   2   2   5   8   2   2  14   7   7   1   2   4  0.20 0.14
  363 F    -2  -3  -3  -3  -3  -3  -3  -4  -2   3   3  -4  -1   0   3  -3  -2  -1   0   2    3   1   1   2   1   1   2   1   1  19  26   1   1   4  16   1   1   1   3  16  0.56 0.31
  364 S    -2  -1   1   2   2   1   1  -3  -1  -3  -2  -1  -2  -4   0   1   4  -2  -2  -2    3   3   6  10   4   5   8   2   1   1   3   4   1   1   6  10  29   1   1   2  0.38 0.29
  365 E    -3  -3  -3  -1  -2  -1   3  -4   0  -1   1  -2   3   2  -4  -2  -3   6   4  -2    2   1   1   4   1   2  23   1   2   3  12   2   7   9   1   3   1  11  12   3  0.59 0.35
  366 D     0  -1   1   4  -2   0   3  -3  -2  -4  -4   1  -4  -3  -2   2  -1  -5  -3  -3    6   3   5  20   1   4  23   2   1   1   1   7   0   1   2  17   4   0   1   1  0.51 0.34
  367 D    -2  -4  -1   7  -3   0   0  -3   2  -4  -5  -2  -4  -5  -4  -2  -1  -6  -3  -4    4   1   2  60   1   5   6   2   5   1   2   2   1   0   1   3   3   0   1   1  1.36 0.65
  368 L    -2   3  -4  -4  -3  -1  -3  -5  -3   3   3  -1   2   0  -4  -3  -1  -3   1   1    3  15   0   1   0   3   1   0   1  15  29   3   4   4   0   1   4   0   4  11  0.45 0.29
  369 P     1   0   1   1  -3   2   1  -1   0  -3  -3   2   1  -4   2   1  -1  -5  -3  -2   10   4   7   7   1   9   9   3   2   1   3  12   3   0  11  11   4   0   1   2  0.24 0.21
  370 K    -2   2   3   0  -5   3   1  -2   2  -5  -5   4  -3  -5  -4   1  -3  -5  -4  -5    3  10  13   6   0  14   8   3   4   0   1  26   1   0   0   9   1   0   0   0  0.66 0.43
  371 I    -5  -7  -8  -8  -1  -6  -8  -8  -7  -1   5  -7   8  -3  -8  -7  -2  -7  -4  -1    1   0   0   0   1   0   0   0   0   2  55   0  33   1   0   0   2   0   1   3  1.92 0.87
  372 P    -3  -1  -1  -3  -7  -2   0  -6   0  -5  -5   3  -5  -6   7  -3   0  -8  -7  -1    2   3   3   2   0   2   6   0   2   0   1  15   0   0  51   2   6   0   0   5  1.36 0.71
  373 Y    -7  -6  -6  -8  -6  -7  -6  -9  -2  -3   0  -7  -3   3  -9  -6  -4  -2   9  -5    0   0   0   0   0   0   0   0   1   1   9   0   1  11   0   0   1   0  73   1  2.68 1.12
  374 L    -5  -6  -6  -7  -4  -6  -6  -7  -5   1   5  -6   3  -1  -6  -2   3  -6  -4   1    0   0   0   0   0   0   0   0   0   7  54   0   6   2   0   3  19   0   0   8  1.17 0.62
  375 R    -3   2   2   3  -4   3   2  -3   1  -3  -4   2  -2  -6  -4  -1   1   2  -3  -4    2   9  10  15   0  14  11   2   3   1   1  14   1   0   0   4   7   3   1   1  0.48 0.35
  376 A     5  -1  -1  -6   4   0  -5  -3  -4  -5  -1  -3   5  -6  -6  -1  -4  -7  -4  -5   52   3   3   0   9   5   0   2   0   0   5   1  13   0   0   4   0   0   0   0  1.16 0.66
  377 V    -2  -7  -7  -8   5  -7  -7  -7  -5   3  -2  -7  -1   2  -7  -3   0  -7  -5   6    4   0   0   0  12   0   0   0   0  13   2   0   2   7   0   1   5   0   0  53  1.40 0.68
  378 V    -2  -7  -8  -6  -1  -7  -7  -8  -8   7   1  -7   1  -1  -7  -6  -4  -7  -4   4    3   0   0   0   1   0   0   0   0  51  13   0   3   3   0   0   1   0   0  24  1.48 0.68
  379 L    -3   1   2  -1   0   1  -3  -6   4  -6  -2   6  -1  -3  -6  -1  -3  -5  -1  -5    1   5   9   3   2   6   1   0   8   0   5  47   2   1   0   5   1   0   2   1  0.97 0.58
  380 E    -7  -6  -6  -3 -10  -4   8  -8  -6 -10  -9  -5  -8 -10  -7  -6  -7  -9  -8  -9    0   0   0   1   0   0  99   0   0   0   0   0   0   0   0   0   0   0   0   0  3.18 1.36
  381 G     1  -6  -4  -6  -2  -5  -6  -3  -6   1  -4  -6  -4  -6  -6   2   6  -7  -6   3   11   0   0   0   1   0   0   3   0   7   1   0   0   0   0  12  47   0   0  19  1.17 0.68
  382 L    -6  -6  -6  -8  -5   2  -6  -7  -1  -2   5  -6   4   2  -7  -4  -4  -1   0  -3    0   0   0   0   0  10   0   0   1   1  61   0  11   9   0   1   1   1   3   1  1.39 0.71
  383 R    -8   9  -7  -8 -10  -5  -6  -9  -3 -10  -9  -4  -8  -9  -9  -7  -8  -9  -8  -9    0  99   0   0   0   0   0   0   1   0   0   0   0   0   0   0   0   0   0   0  3.48 1.40
  384 R    -5  -3  -7  -7  -4  -5  -7  -7   0   1   5  -1   4   2  -7  -6  -5   5   1  -1    0   2   0   0   0   0   0   0   3   7  53   5   8   7   0   0   0   7   4   3  1.15 0.59
  385 H    -1   2  -2  -5  -3  -4  -5  -1   7   0  -4  -3  -2   2  -7  -1  -3   0   6  -3    6  11   2   0   1   0   0   4  24   5   1   2   1   7   0   5   1   1  27   1  1.09 0.59
  386 P    -3  -7   1   0  -5  -5  -6  -5  -4  -6  -8  -6   0  -6   8   1   0  -9  -6  -7    2   0   5   6   0   0   0   1   1   0   0   0   2   0  66   9   6   0   0   0  2.01 0.96
  387 P     0  -6  -4  -6  -4  -4  -6  -3  -5   3  -1  -5  -2   0   6   0  -3  -7  -5   3    8   0   1   0   0   0   0   2   0  15   7   0   1   4  35   8   2   0   0  17  0.92 0.53
  388 G     3  -5  -5  -5  -4  -3  -4   1  -4   2   1  -5  -2  -2  -4   0   0  -6  -5   4   21   0   0   0   0   1   0  11   0  10  13   0   0   1   1   6   7   0   0  29  0.56 0.39
  389 H    -1  -4  -2  -4  -5  -4  -4  -3   0  -2  -4  -3  -4  -2   8  -1  -3   0  -3  -2    6   1   2   1   0   1   1   2   2   3   2   1   0   2  64   4   2   1   1   3  1.67 0.74
  390 Q    -2  -1  -2  -4  -2  -1  -3  -1  -2   0   3  -3   3   3  -3  -1   0  -1  -1   0    3   3   2   0   1   3   2   6   1   5  33   1   6  15   1   6   6   1   1   4  0.38 0.27
  391 M     0  -4   1  -2  -2  -4  -4   2  -3   0   3  -4   1   1  -4   0   0  -5  -4   0    6   1   7   2   1   0   0  19   0   5  30   0   3   5   1   6   7   0   0   7  0.36 0.28
  392 P     0  -4  -2  -3  -3  -1  -1  -2  -2   3   2  -4   0   0  -2   0   0  -4  -1   3    6   0   2   1   0   2   4   3   1  18  22   0   2   3   2   7   5   0   1  18  0.30 0.23
  393 P    -1   0  -3  -2  -4  -3  -3  -2   0  -3  -3  -1   0   2   7  -2  -2  -2  -3  -3    5   6   1   3   0   1   2   3   2   1   3   3   2   7  50   4   3   1   1   2  1.13 0.51
  394 R    -7   7  -4  -7  -4  -4  -5  -7   8  -6  -8  -2  -6  -7  -8  -6  -7  -8  -4  -6    0  63   0   0   0   0   0   0  31   0   0   2   0   0   0   0   0   0   0   1  2.63 1.11
  395 R     0   1  -2  -3   1   0   3  -4  -3   0  -1   2   2  -2  -3  -1   0  -4   0   1    8   7   1   1   4   3  20   1   0   5   6  13   6   1   1   5   5   0   4  10  0.24 0.24
  396 V     3  -5  -1  -6   5  -4  -5  -4  -6  -1   0  -5  -4  -3  -3   1   3  -6  -5   2   27   0   3   0  12   0   0   0   0   2   8   0   0   1   1   9  21   0   0  15  0.74 0.49
  397 R    -1   0   0  -1  -2  -1  -1  -3   0   1   0   1   2  -3  -2   1   3  -5  -3   0    5   6   4   2   1   2   4   2   2   8   8  10   6   1   2  13  21   0   0   5  0.22 0.23
  398 E    -1   2   0   1   0   2   4  -5   0  -4  -6   3  -4  -6  -2   0   0  -4  -4  -4    4  11   5   6   2  10  26   0   3   1   0  16   0   0   2   6   5   0   0   1  0.57 0.40
  399 D    -4  -5  -1   7  -8  -4   1  -2   0  -6  -8  -4  -8  -7   1  -3  -1  -9  -6  -6    2   0   3  67   0   1   9   3   2   0   0   1   0   0   6   2   3   0   0   1  1.77 0.84
  400 V    -2  -5  -4   0   5  -2  -4  -5  -5   3  -1  -5   2   1  -5  -2   3  -5   0   3    3   0   0   6  10   2   1   1   0  14   5   0   4   6   0   3  21   0   4  20  0.56 0.38
  401 E    -3  -1   0  -2  -3   1   3  -5   0   0  -2   2   0  -2  -3   0   1  -1  -3   2    1   2   4   1   0   5  22   0   3   4   4  15   2   2   1   7  11   1   1  14  0.34 0.30
  402 V    -4  -6  -7  -7  -1  -6  -6  -7  -3   4   3  -5  -1   3  -1  -5  -4   0   3   3    0   0   0   0   1   0   0   0   1  23  27   1   1  11   4   0   0   1   9  20  0.93 0.49
  403 G    -1   1   4   2  -2   1  -2   3  -2  -5  -2   1   0  -5  -1  -1  -3  -6  -4  -5    5   8  18  13   1   7   2  23   1   0   4   7   3   0   3   3   1   0   1   0  0.48 0.35
  404 D    -5  -5   2   2  -8  -6  -2   7  -4  -9  -9  -3  -8  -6  -5  -4  -6  -8  -8  -8    0   1   8   9   0   0   3  75   0   0   0   1   0   0   1   1   0   0   0   0  1.99 0.90
  405 Y    -6  -1  -5  -7  -4  -3  -6  -6   1  -2  -2  -2   0   4  -8  -5  -2  -2   9  -1    0   4   0   0   0   1   0   1   3   2   4   3   2  14   0   0   3   0  57   4  1.86 0.86
  406 V    -2   0  -1   2  -3  -1  -1  -4   3   0   1   0   0   3  -4  -1   2  -2   1   0    1   5   2  12   0   2   3   0   8   4  12   5   2  13   0   4  12   0   5   8  0.22 0.22
  407 V    -6  -8  -9  -9  -6  -8  -8  -9  -8   8   1  -8  -2  -2  -8  -8  -6  -8  -5   3    0   0   0   0   0   0   0   0   0  69  11   0   1   2   0   0   0   0   0  17  2.12 0.89
  408 P    -3  -4  -3  -3  -4  -5  -2  -7  -8  -9  -7  -1  -8  -8   8  -5  -4 -10  -6  -7    3   1   1   2   0   1   3   0   0   0   0   5   0   0  81   1   1   0   0   0  2.61 1.16
  409 K     3   0  -4  -5  -2  -2  -1  -2  -5  -6  -7   7  -5  -8   0  -3  -4  -8  -7  -3   21   4   1   0   1   1   4   3   0   0   0  58   0   0   4   1   1   0   0   2  1.39 0.74
  410 G    -5  -4   1   1  -5  -4  -2   7  -4  -9  -9   0  -8  -7  -7  -5  -6  -8  -6  -8    0   1   7   8   0   0   3  72   0   0   0   7   0   0   0   0   0   0   0   0  1.86 0.86
  411 S     0  -4  -4  -2   0  -3  -5  -5  -1  -3  -5  -5   0  -6  -5   2   6   6  -4  -2    6   1   0   3   2   1   0   1   2   2   0   0   2   0   0  12  53   9   0   3  1.30 0.74
  412 A    -2   2   0  -1   1   3   0  -3   0   1  -1   1   1  -2  -1  -1   2   0  -2   0    1  10   4   3   4  13   4   2   2   7   6   9   4   1   3   4  12   1   1   7  0.15 0.18
  413 I    -3  -7  -8  -8  -1  -7  -7  -8  -8   5   2  -7  -1  -2  -7  -6  -5  -7  -6   6    2   0   0   0   1   0   0   0   0  27  16   0   1   2   0   0   0   0   0  50  1.54 0.71
  414 N    -3  -4  -2  -5  -2  -1  -3  -4  -1   4   2  -4   4   4  -6  -1  -1   0   2   1    2   1   2   0   1   4   1   2   2  20  20   0  10  14   0   4   3   1   6   7  0.53 0.33
  415 F    -1  -6  -5  -6  -2  -1  -5  -5  -4   4   1  -5   2  -1   2  -3   0   1   1   4    5   0   0   0   1   3   0   1   0  24  10   0   4   2  11   1   6   2   4  26  0.66 0.40
  416 M    -2  -6   7  -2   1  -4  -5  -4   0  -3  -2  -5  -1  -3   2   3  -3  -1  -2  -3    3   0  45   2   3   1   0   1   2   2   5   0   1   1   9  20   1   1   1   2  1.11 0.64
  417 L     1  -2  -3  -4  -2   0  -4  -5   0   3   2  -4   0   0   0  -2   1  -3  -1   2   12   2   1   1   1   5   0   0   2  19  19   0   2   4   5   2   8   0   2  14  0.36 0.27
  418 Y    -4   0  -3  -4  -2  -2  -6  -2   0  -2  -2  -5  -2   1  -3  -1  -1  10   6  -4    2   5   1   1   1   2   0   4   2   2   4   0   1   5   2   5   4  33  22   1  1.52 0.73
  419 D     4  -4  -2  -2  -3  -1  -2   2  -1  -5  -3  -2  -2  -3  -3   3  -1   0  -3  -1   36   0   2   2   1   3   3  14   2   0   2   3   1   1   1  20   3   1   1   4  0.59 0.43
  420 L    -1  -6  -4  -7   1  -5  -6  -5  -6   5   3  -6   4  -2  -6  -4   1  -6  -5   3    6   0   1   0   3   0   0   1   0  28  24   0  11   1   0   1   8   0   0  15  0.92 0.49
  421 G    -1  -6   2  -5  -4   0  -5   3   9  -5   0  -6   0  -5  -6  -1  -4  -7  -2  -5    5   0   8   0   0   5   0  19  42   0  10   0   2   0   0   4   1   0   1   1  1.44 0.72
  422 M    -6   6   0  -4  -7  -2  -4  -6   7  -4  -1   0   2  -3  -6  -4  -2  -4   2  -4    0  41   4   1   0   2   1   0  22   1   7   4   5   1   0   1   3   0   6   1  1.32 0.67
  423 D    -6  -4   4   7  -3  -4  -3  -6  -2  -8  -6  -4  -1  -8  -7   0  -4  -9  -8  -6    0   1  19  64   1   1   1   0   1   0   1   1   2   0   0   7   1   0   0   1  1.99 0.92
  424 D    -1  -3  -3   0  -4  -1   3  -5  -4  -6  -7   0  -7  -8   7  -1  -3  -8  -5  -6    5   1   2   5   0   3  16   1   0   0   0   5   0   0  54   5   2   0   1   1  1.52 0.78
  425 A     1   0   1   1  -4   0   3  -3  -2  -4  -3   4  -3  -4  -4   1   0  -6  -3  -3   11   5   6   9   0   4  16   1   1   1   2  23   0   1   0  10   7   0   1   2  0.44 0.33
  426 T    -2  -2  -1  -3  -2  -1   0  -5   2   2   1  -4  -3   1  -5  -2  -1  -3   4   3    3   2   4   1   1   2   7   0   5  12  12   1   0   6   0   2   4   0  17  20  0.45 0.32
  427 W    -9  -9 -10 -10  -3  -9  -9  -9  -3  -6  -7  -9  -7   6  -8  -6  -9  11   4  -5    0   0   0   0   1   0   0   0   1   0   0   0   0  29   0   1   0  53  14   1  3.39 1.31
  428 D    -2  -4  -2   2  -6  -1   3  -1  -1  -5  -5   2  -5  -6   5   0  -1  -7  -6  -3    3   0   2  10   0   2  17   6   2   1   1  12   0   0  32   7   4   0   0   2  0.82 0.51
  429 R    -5   0   5   6  -6   0   2  -5  -2  -8  -7   0  -4  -8  -6  -1  -3  -8  -6  -8    1   4  24  39   0   4  15   0   1   0   0   6   0   0   0   4   1   0   0   0  1.31 0.68
  430 P     2  -5  -7  -2  -9  -7  -7  -7  -7  -9  -9  -5  -8 -10   8  -4  -6  -5  -8  -5   15   1   0   2   0   0   0   0   0   0   0   1   0   0  78   1   0   0   0   1  2.66 1.19
  431 A    -2  -1   1   3  -1   0   5  -4   1  -5   0   0   0  -1  -5  -1  -2  -4   0  -5    2   3   7  15   1   3  33   1   4   0  11   5   2   3   0   4   2   0   3   0  0.58 0.41
  432 V    -1   1  -2   0  -4   1   4  -4   0  -3  -4   3  -2  -6  -5   0   1  -6  -5   0    5   7   1   4   0   6  31   1   2   1   2  16   1   0   0   7   8   0   0   7  0.56 0.41
  433 F    -9  -9 -10 -10  -9 -10 -10 -10  -8  -6  -5 -10  -4  10 -10  -9  -9   1   2  -7    0   0   0   0   0   0   0   0   0   0   1   0   0  91   0   0   0   2   6   0  3.54 1.34
  434 M    -4   3   4   4  -3   0  -1  -5   0   0  -3   3   1  -6  -6  -3  -3   0  -2  -3    1  14  22  20   1   3   3   0   2   5   3  16   3   0   0   1   1   1   2   1  0.72 0.46
  435 P    -8  -9  -9  -8 -10  -8  -8  -9  -9  -7 -10  -8 -10 -11   9  -7  -8 -11 -10  -9    0   0   0   0   0   0   0   0   0   0   0   0   0   0  99   0   0   0   0   0  3.79 1.54
  436 E    -3  -5  -3   2  -6  -1   7  -2  -1  -8  -5  -4  -4  -3  -6   0  -3   3  -4  -7    2   0   1  12   0   2  60   3   2   0   2   0   1   1   0   7   2   4   1   0  1.44 0.78
  437 R    -8   9  -3  -8 -10  -5  -7  -9   4 -10  -9  -4  -8  -9  -7  -7  -8  -9  -8  -9    0  89   1   0   0   0   0   0   9   0   0   0   0   0   0   0   0   0   0   0  3.15 1.30
  438 F    -8  -9  -9 -10  -9  -9  -9  -9   1  -7  -6  -9  -4   9 -10  -9  -8   9   2  -7    0   0   0   0   0   0   0   0   4   0   0   0   0  68   0   0   0  22   5   0  3.16 1.22
  439 L    -2  -3  -3  -1  -3  -2  -2  -4  -3   1   5  -3   2  -1  -4   0  -2  -3  -2  -1    4   1   2   4   0   2   3   2   0   8  51   1   4   3   1   7   3   0   1   3  0.65 0.35
  440 P    -1  -1   1   4  -3   0   2  -1  -2  -3  -3   0  -3  -3   2   0   0  -3  -3  -2    5   3   6  23   1   4  14   5   1   2   3   6   1   1  10   7   5   0   1   2  0.36 0.22
  441 G     0  -1   2   2  -2   0   3   0   0  -2  -3   1  -2  -3   1   1  -1  -3  -2  -2    9   3   8  11   1   3  18   8   2   2   2   7   1   1   7   9   3   0   2   3  0.22 0.15
  442 G    -1   0   3   2  -2   1   1   1   0  -2  -2   0  -2  -3   0   1   0  -3  -2  -2    5   5  18   9   1   5   7  13   3   2   3   5   1   1   4   9   4   0   1   3  0.23 0.15
  443 E     0   0   0   0  -1   1   1   2  -1  -2  -2   1  -1  -2   0   0   0  -2  -1  -2    7   4   4   5   1   5  10  20   1   2   4  10   2   2   5   6   4   1   2   3  0.15 0.10
  444 A     1   0   1   1  -1   0   1   1  -1  -1  -1   0  -1  -1   0   1   0  -2  -1  -1   13   3   8   7   1   4   9   9   1   2   8   5   1   3   3  10   6   0   2   3  0.08 0.06
  445 E     0   0   0   1  -1   1   2   0  -1  -1  -1   1  -1  -2   1   1  -1  -2  -1  -1    7   3   5   8   1   8  12   5   1   4   6   9   1   2   6  10   3   0   2   5  0.09 0.06
  446 A     0   0   0   1  -1   0   0   1  -1  -1  -1   0   0  -1   1   1   0  -1  -1  -1    7   4   4   7   1   4   6   9   2   4   7   8   2   2   7  12   7   1   2   5  0.06 0.03
  447 L     0  -1   0   0  -1  -1   0  -1   0   2   0  -1   0   0   0   0   0  -1  -1   1    7   3   5   4   1   2   6   5   2  14  10   4   2   3   5   5   5   1   2  13  0.03 0.03
  448 D     0  -1   1   4  -2   0   1  -1  -1  -2  -2   0  -1  -2  -1   0  -1  -2  -1  -1    7   3   6  27   1   3   8   5   1   3   5   5   1   2   3   8   4   1   2   5  0.26 0.12
  449 I     0  -1  -1  -1  -1   0   0   0  -1   0   0   0   0   2   0  -1   0  -1   2   1    5   3   3   3   1   3   6   9   1   7   8   5   3   9   4   4   4   1   8  12  0.03 0.03
  450 T     0   1   1   0  -1   0   0  -1   0  -1  -1   2   0  -1   0   1   0  -1  -1  -1   10   9   7   5   1   4   3   4   2   3   4  16   2   3   4   9   5   1   2   4  0.10 0.08
  451 G     0  -2   2   0  -1  -1  -1   3   0  -3  -2   1  -2   2  -1  -1   0  -3  -1  -1    7   2   9   4   2   3   3  27   2   1   4   8   1   9   3   3   7   0   2   4  0.25 0.16
  452 T     0   2   1   0  -2   0   0   0  -1   0  -1   1  -1  -1   1   0   1  -1  -1   0    6  12   6   4   1   2   6   7   1   6   5   9   1   2   7   8   8   1   1   7  0.07 0.06
  453 K    -1   0   1   1  -3   2  -1  -1   5  -3  -2   3  -1  -3   1   0  -1   0  -1  -2    4   5   5   6   1   8   4   4  13   1   5  17   1   1   7   8   4   1   2   2  0.28 0.19
  454 E     0   1   2   2  -3   1  -1  -3   3  -3  -3   0  -2  -4   4   2  -1  -4  -2  -3    6   7   8  13   0   5   4   2   6   1   2   4   1   1  20  13   2   0   1   1  0.44 0.28
  455 M    -2  -1  -1   1   0  -2   1  -2   1  -2  -1  -2   0   5  -1  -1  -3  -3   4  -1    3   3   3   7   2   2   8   3   4   1   7   2   2  26   3   5   1   0  14   4  0.43 0.27
  456 K     2   1   0  -1  -2   0   2  -2   1  -1  -3   1  -2  -3  -1   1   1  -4   0  -1   21   7   3   2   1   2  15   3   3   3   2   8   1   1   3  10   7   0   4   3  0.21 0.19
  457 M    -5  -5  -4  -5  -4  -4  -6  -6   2  -3   1  -6   0   6  -6  -2  -3   1   6  -1    1   0   1   1   0   1   0   0   5   1  14   0   2  35   0   3   2   2  26   4  1.34 0.60
  458 I    -1  -3  -3  -4  -3  -2  -4  -4  -2   3   2  -2   5   1  -2  -3  -1  -1   2   2    3   1   1   0   0   1   0   1   1  20  23   3  17   5   2   1   2   1   7  11  0.43 0.19
  459 P     0  -4  -3  -4  -4  -4  -4   0  -1  -2  -3  -4  -2  -5   7  -1   0  -5  -5   0    7   0   1   0   0   0   0   7   1   3   3   0   1   0  60   3   6   0   0   6  1.40 0.39
  460 F    -5  -6  -6  -7  -6  -6  -6  -6  -4  -4  -3  -6  -4   9  -7  -6  -5   2   3  -4    0   0   0   0   0   0   0   0   0   0   0   0   0  86   0   0   0   2   9   0  2.58 0.61
  461 G    -2  -5  -2  -1  -5  -2  -4   6  -2  -6  -4  -4  -2  -6  -5   3  -2  -6  -5  -5    2   0   1   3   0   1   0  66   1   0   1   0   1   0   0  22   1   0   0   0  1.38 0.42
  462 A     2  -2  -1  -2  -1  -2  -2   1   0   1   0  -2   0   0  -3   1   0   2   0   1   24   2   2   1   1   1   1  11   3   9   7   1   3   5   0   9   4   3   2  11  0.13 0.11
  463 G    -3  -6  -4  -5  -6  -5  -6   7  -6  -7  -7  -5  -6  -7  -6  -1  -5  -6  -7  -7    0   0   0   0   0   0   0  96   0   0   0   0   0   0   0   4   0   0   0   0  2.39 0.59
  464 R    -1   5  -2  -3  -5   0  -2  -3  -2  -1  -2   2   0  -4   4  -1  -1  -5  -3  -1    6  33   1   1   0   3   0   1   1   4   3  13   2   0  22   3   2   0   1   5  0.63 0.26
  465 R    -5   8  -4  -5  -7  -3  -4  -6   2  -7  -6   0  -5  -6  -6  -4  -5  -6  -1  -6    0  91   0   0   0   0   0   0   4   0   0   2   0   0   0   0   0   0   2   0  2.44 0.64
  466 I     0   0   2  -2  -2   0  -2  -1  -1   2   0  -1   2  -1  -3   0   0  -3  -1   1    7   5  12   1   1   4   1   5   1  19   8   4   8   2   0   9   5   0   1   8  0.10 0.10
  467 C    -5  -8  -7  -8  12  -7  -8  -7  -8  -6  -6  -8  -6  -7  -7  -5  -5  -7  -7  -5    0   0   0   0 100   0   0   0   0   0   0   0   0   0   0   0   0   0   0   0  4.26 0.87
  468 P    -1  -5  -5  -5  -4  -3  -4  -4  -5   4   2  -4   1  -2   5  -3  -2  -5  -4   1    6   0   0   0   0   1   0   1   0  26  17   0   3   1  35   1   1   0   0   8  0.89 0.31
  469 G    -1  -6  -4  -2  -6  -5  -5   7  -5  -7  -7  -5  -6  -1  -6  -2  -5  -6  -6  -6    4   0   0   2   0   0   0  90   0   0   0   0   0   3   0   2   0   0   0   0  2.11 0.54
  470 L    -1   2  -1  -1  -4   2   2  -3  -2   2  -1   2   4  -2  -2  -1  -2   0  -2  -1    3  10   2   3   0   9  15   1   1  12   4  14  12   1   2   5   1   1   1   3  0.26 0.18
  471 R    -1   2   1   0  -4   1   1   0   4  -2  -2   0  -2  -2   0   0  -1  -2   0  -2    5  14   8   4   0   5  12   7  12   2   3   4   1   1   5   8   4   0   2   2  0.23 0.15
  472 I    -5  -6  -6  -7  -5  -3  -6  -7  -5   2   4  -6   3   6  -5  -4  -4  -1   1  -1    0   0   0   0   0   1   0   0   0   8  44   0   7  29   1   1   1   1   4   4  1.19 0.47
  473 A     6  -6  -5  -6  -5  -5  -5   3  -6  -6  -6  -5  -5  -4  -4   0  -3  -7  -6  -3   71   0   0   0   0   0   0  20   0   0   0   0   0   1   1   5   1   0   0   2  1.57 0.64
  474 L    -2   2  -1  -1  -4   0   1  -3  -1   0   1   1   3  -1  -4  -1   0  -1   1  -1    1  13   3   3   0   4  12   1   1   7  16  10   9   1   0   3   6   1   5   3  0.20 0.18
  475 L     1   1   0   0  -1   1  -2  -3  -1   0   1  -2   5  -2  -2  -1   0   1  -2   0   13   9   4   6   1   7   1   1   1   4  16   1  17   0   2   4   5   2   1   5  0.22 0.20
  476 L    -2  -3   2  -3  -4   2   5  -4  -2  -1  -1  -2   2  -1  -5   0   0  -6  -3  -2    2   0   9   0   0  10  41   0   1   5   5   1   6   2   0   8   6   0   0   3  0.66 0.39
  477 L    -1  -5  -4  -5  -3  -3  -4  -5  -5   3   3  -4   6  -1  -5  -2  -1  -3  -3   3    6   0   1   0   0   1   1   0   0  16  30   0  19   1   0   3   2   0   0  19  0.76 0.36
  478 E    -1   0  -2  -3  -1  -1   1  -2   2  -3  -1   3  -2   5  -3  -1  -1   1   1  -2    4   4   1   0   1   2  11   3   6   1   4  19   0  25   1   4   5   2   5   2  0.40 0.26
  479 Y    -2  -4  -5  -6  -2  -4  -5  -5  -4   3   4  -5   3   0  -5  -2   1  -4  -1   2    3   1   0   0   1   0   0   1   0  18  39   0   6   4   0   3   9   0   2  14  0.67 0.32
  480 F     2  -4  -3  -4  -1  -4  -4   0  -4   1   0  -4   2   4  -2  -1   1   0  -1   2   18   0   1   1   1   0   0   8   0   9   9   0   5  19   2   3   9   1   1  13  0.32 0.22
  481 V    -1  -5  -6  -6  -1  -5  -6  -5  -5   3   5  -5   2   2  -6  -4  -1  -1  -2   2    4   0   0   0   1   0   0   1   0  14  49   0   5   7   0   1   4   1   1  12  0.85 0.37
  482 A     5  -4  -4  -5  -1  -4  -4   0   3  -1  -3  -4  -2  -4  -3   2   1  -6  -3   0   49   0   0   0   1   0   0   5   8   3   3   0   1   1   1  13   9   0   1   7  0.77 0.41
  483 N    -1   3   3  -3  -2   0  -1  -3   4   0  -1   1   1  -3  -4   0   1  -1   0  -2    4  15  16   0   1   3   3   1  10   5   5   9   3   0   0   8  10   1   3   2  0.31 0.23
  484 L    -3  -6  -7  -7  -3  -6  -6  -7  -6   3   5  -6   3   1  -6  -5  -2  -3  -3   1    1   0   0   0   1   0   0   0   0  18  56   0   6   6   0   0   3   0   0   9  1.15 0.47
  485 V    -2  -6  -6  -7   0  -6  -6  -7  -6   3   5  -6   2   1  -6  -5  -3  -5  -3   3    3   0   0   0   2   0   0   0   0  14  51   0   4   4   0   0   1   0   1  19  1.06 0.44
  486 A    -1   2  -1  -4  -4   5  -2  -4   4  -5   0   0  -1  -3  -4  -1   0   6   2  -4    4  10   2   0   0  26   1   1   9   0  10   5   2   1   0   4   5  10   8   0  0.65 0.37
  487 T     0   3   4  -2   2   0  -1   0   3  -4  -4   2  -3  -2  -4   0  -1  -2  -2  -3   10  16  21   1   4   3   4   5   8   1   1  11   0   2   0   7   4   0   1   1  0.42 0.26
  488 F    -6  -7  -7  -8  -1  -7  -7  -7  -2  -4  -2  -7  -2   9  -8  -6  -5  -1   5  -3    0   0   0   0   2   0   0   0   1   1   4   0   1  74   0   0   1   1  14   1  2.45 0.80
  489 H    -3   2   2   4  -3   0   3  -4   0  -4  -4   2  -4  -4  -4   0   0  -4  -4  -4    1  11  10  26   1   3  17   1   2   1   1  11   0   1   0   7   7   0   0   1  0.63 0.33
  490 W    -6  -6  -7  -7  -6  -6  -7  -7  -3   2   2  -5   1   6  -6  -6  -5   9  -1   0    0   0   0   0   0   0   0   0   1  12  18   0   3  27   0   0   0  30   1   7  1.69 0.61
  491 K    -1   1  -2  -1  -3   2   3  -3   0  -3  -1   3  -3  -4  -3   2   0  -5  -2  -2    3   8   1   2   0   7  23   1   3   1   5  20   0   1   1  15   5   0   1   3  0.44 0.29
  492 E     0  -1  -1  -2  -1  -2  -1  -3  -1  -1   2  -1   0  -1   4   0   0  -4  -1   0    6   3   3   1   1   1   4   1   1   3  26   3   2   2  20   7   5   0   2   8  0.31 0.21
  493 V     0  -3  -1  -2   2  -1  -2  -2  -2   1   0  -2   0  -3   5   0   0  -3  -2   2    7   1   3   3   4   2   1   3   1   7   8   2   2   0  25   8   5   0   1  17  0.40 0.25
  494 E    -1  -1   2   3  -5  -1   2  -1   0  -3  -4   1  -3  -3   4   0  -1  -3  -3  -2    5   3   9  16   0   2  12   5   3   2   1   9   0   1  19   5   4   0   0   3  0.41 0.25
  495 E    -2  -2   1   2  -6  -1   2   4  -3  -5  -4   0  -4  -3   4  -2  -2  -6  -5  -4    2   2   7  10   0   2  15  31   0   1   1   5   0   1  18   2   2   0   0   1  0.66 0.36
  496 G    -1  -1   0   0  -1   1   2   1   1  -3  -3   2   0  -4  -2   1   2  -4  -2  -1    4   2   4   4   1   5  17  11   3   1   2  12   2   0   2  10  14   0   1   4  0.24 0.20
  497 D    -3   0   0   4  -4   1   2  -2  -2  -3  -4   3  -3  -4   3  -1  -1  -5  -4  -2    2   4   4  27   0   7  12   2   1   2   2  16   0   1  12   4   4   0   0   2  0.55 0.32
  498 V    -1  -1  -1  -2  -2  -2  -1  -2  -2   4   2  -1   0  -1   0  -1  -1  -3  -2   2    3   3   2   2   1   2   5   3   1  25  16   5   1   2   6   4   2   0   1  17  0.27 0.19
  499 D    -4  -1   0   6  -5  -2   0  -3  -2  -2  -3   1  -2  -4   3  -1  -2  -3  -3  -2    1   3   5  41   0   2   6   2   1   3   3   7   1   1  14   4   2   0   1   3  0.79 0.39
  500 V    -3  -2  -1   1  -2  -2  -1  -3  -1   1   2  -3   5  -1   2  -2   0  -2  -1   1    1   2   3  10   1   2   3   1   2   7  18   1  17   3  10   3   6   1   2   8  0.31 0.22
  501 T    -1  -1   0   1  -2   0   0  -2  -1   0   0   1   1  -2   1   1   2  -1  -2   0    3   3   4   7   1   4   5   2   1   5   7   8   5   2   6  11  16   1   1   8  0.11 0.12
  502 T    -1  -2  -1   0  -3  -1   2  -2  -2   0   0  -1   0   0   3  -1   1   0  -1   0    5   1   3   4   0   2  17   3   1   6  10   3   3   3  16   5   9   1   2   6  0.20 0.16
  503 E    -1   0  -2   2  -3   0   4   0  -1  -2  -3   0   0   0  -1   0  -2  -3   0  -2    5   6   1  13   1   4  29   6   1   2   2   5   3   4   3   6   2   0   3   3  0.34 0.23
  504 D     0   0   0   0  -2   0   0   0   0   0  -1   1  -1   0   1   0   0  -1   1   0    9   3   4   6   1   3   6   9   3   5   4   8   1   4   7   7   5   1   7   8  0.05 0.05
  505 A     0  -1  -1  -1  -2   0  -1   0   0  -1   0  -1   0   2   1   1   1  -1   2   0    6   3   3   2   1   5   3   8   2   4   8   4   2  12   7   9   8   0   7   6  0.07 0.09
  506 Q    -1  -1   0  -1  -1   1  -1   4   0  -4  -3  -1  -1   0   0   0  -1  -2  -2  -1    3   4   4   4   1   5   5  37   2   1   2   3   1   4   5   8   4   1   1   4  0.41 0.26
  507 L    -1  -4  -4  -4  -3  -4  -4   1   0   2   3  -4   2   3  -2  -2   0  -2  -1   0    4   1   1   1   1   0   1  11   2  11  32   1   4  14   3   2   5   0   2   5  0.46 0.26
  508 T     0  -3  -1  -2  -3  -3  -3  -1  -4   2   0  -4   0   1   0   0   4  -4  -3   2    9   1   3   2   0   1   1   4   0  12   8   1   2   7   4   7  24   0   0  14  0.32 0.24
  509 V     0  -3  -1  -5   1  -2  -4  -3  -2   1   3  -3   2   0  -2  -1   1  -2  -2   2    6   1   3   0   3   1   1   2   1   8  31   1   5   3   2   6  10   1   1  13  0.35 0.23
  510 L    -1   1  -2  -3   0   1  -2  -3   2   1   1   0   1   0   0   0   0   1   0   1    4   9   1   1   2   6   2   1   6   8  14   6   3   4   5   6   6   2   3  10  0.10 0.11
  511 M    -2   2  -3  -3   2  -1  -3  -5   2   0  -2   3   3  -2   4   0  -1  -2  -3  -2    3  12   1   1   4   2   1   0   5   5   3  17   9   2  21   6   4   1   1   2  0.53 0.35
  512 G     2  -1  -2  -2  -1  -2   0  -2  -3  -3  -2   4  -2  -4   5  -2  -3  -7  -6  -1   14   2   1   2   1   1   5   4   1   2   5  25   1   1  25   3   2   0   0   4  0.65 0.41
  513 K    -2   1   3   0  -3   0   0  -1   2  -1  -2   3  -3   0  -1  -1   0  -5  -1   0    2   6  14   4   0   4   4   6   5   3   4  20   0   4   3   5   7   0   2   6  0.22 0.19
  514 P    -3  -4  -1   0  -2  -2  -3   2   1  -5  -5  -1  -6  -6   7  -2  -3  -6  -6  -6    2   1   3   5   1   2   2  18   3   1   1   3   0   0  52   3   2   0   0   0  1.41 0.65
  515 L    -4  -6  -5  -6  -3  -4  -4  -7  -1   2   4  -6  -2   5  -5  -4  -4  -1   4   0    1   0   1   0   1   1   1   0   1  12  38   0   0  20   0   1   1   1  12   6  1.02 0.49
  516 R    -2   1   0  -1  -2   2   1  -3   3  -1  -1   2   0  -1   1   0  -1   2   0  -2    2   9   5   3   1   9   9   1   7   3   5  15   3   3   7   5   4   3   4   3  0.20 0.18
  517 A     2  -6  -7  -7   5  -6  -6  -6  -7   3   3  -6   1  -1  -6  -5  -3  -6  -4   4   14   0   0   0  10   0   0   0   0  14  28   0   3   3   0   0   2   0   0  25  0.94 0.47
  518 R    -3   3   0  -3   3   0  -2  -3   2   1  -1   3   0  -3  -4  -1  -1  -3  -1   1    1  17   5   1   7   4   2   2   4   8   6  20   2   1   0   3   3   0   2  11  0.37 0.27
  519 L     1  -6  -7  -7   0  -6  -6  -6  -6   3   3  -5  -1   4   2  -5  -4  -1  -3   3   11   0   0   0   2   0   0   0   0  14  27   0   1  15  11   0   1   1   0  17  0.78 0.43
  520 L    -3   1  -3  -4  -4   0   1  -6  -2   2  -2   3  -3  -2  -5  -1   2  -1  -3   3    1   7   1   0   0   4  10   0   1  12   3  18   0   2   0   5  14   1   1  20  0.47 0.34
  521 P    -2   0  -3  -4  -5  -3  -3  -7  -5  -5  -2   1  -5  -8   7  -1  -4  -9  -6  -2    4   5   1   1   0   1   2   0   0   0   4   9   0   0  62   5   1   0   0   3  1.70 0.81
  522 R    -7   9  -5  -8  -4  -5  -6  -8  -1  -4  -6  -4  -5  -7  -8  -6  -3  -9  -4  -6    0  91   0   0   0   0   0   0   1   1   1   0   0   0   0   0   2   0   1   1  2.94 1.15
  523 L    -1  -3  -4  -2  -4  -3  -4  -5  -2   2   3  -3   0   3  -5   2  -2  -4  -2   2    3   1   0   2   0   1   0   0   1  12  29   1   2  11   0  20   1   0   1  14  0.50 0.35
  524 H     1  -2   0  -2  -5   1   2  -5   5  -5  -4  -3  -5  -3   5   0  -2  -5   2  -5   11   2   5   2   0   7  12   0  17   0   1   0   0   1  28   7   2   0   7   0  0.82 0.46
  525 S     1  -1   1  -2  -4  -1   1  -3  -1  -5  -4   2   0  -4   4   2  -2  -5  -4  -4   14   3   7   1   0   2   9   1   1   0   1  15   3   1  22  19   1   0   0   0  0.54 0.35
  526 S     0   1   0   1   1   0  -2  -3   6  -4  -4   2  -3  -3   1   2   0  -5  -1  -3    6   7   4   7   3   4   0   1  22   0   0  12   0   1   7  18   6   0   1   1  0.47 0.30
  527 A     5  -3  -3  -3   5  -3  -3  -2  -4  -4  -4  -3  -3  -4  -3   4  -1  -5  -4  -3   56   0   0   0  12   0   0   0   0   0   0   0   0   0   0  32   0   0   0   0  1.00 0.40

                      K         Lambda
Standard Ungapped    0.1395     0.3239
Standard Gapped      0.0495     0.2670
PSI Ungapped         0.1616     0.3178
PSI Gapped           0.0495     0.2670
